row_id,median_price,uncertainty_width,uncertainty_score,base_spread,raw_uncertainty_penalty,uncertainty_penalty,hit_max_uncertainty_penalty,total_spread,buy_offer
17290,734042.3708139115,331136.88381022646,0.45111412770772275,0.05,0.0676671191561584,0.0676671191561584,False,0.1176671191561584,647669.719701682
17291,425847.0258573755,187756.2222568873,0.44090063064047447,0.05,0.06613509459607117,0.06613509459607117,False,0.11613509459607117,376391.24122597364
17292,352588.5340461903,84749.63664388767,0.2403641311625442,0.05,0.03605461967438163,0.03605461967438163,False,0.08605461967438163,322246.6618472976
17293,258806.37949920766,128613.67142509791,0.49694938615487905,0.05,0.07454240792323186,0.07454240792323186,False,0.12454240792323186,226574.0098104826
17294,374129.5556963737,486593.7036688025,1.3006021477322138,0.05,0.19509032215983207,0.1,True,0.15000000000000002,318010.12234191765
17295,469746.47598330694,164507.25121995725,0.3502043328278278,0.05,0.05253064992417417,0.05253064992417417,False,0.10253064992417418,421583.064501148
17296,705680.6195610011,135185.4704818722,0.19156749772435316,0.05,0.028735124658652973,0.028735124658652973,False,0.07873512465865298,650118.7680106702
17297,1113823.627969428,938091.8103083783,0.8422265309801157,0.05,0.12633397964701734,0.1,True,0.15000000000000002,946750.0837740138
17298,594162.7561838649,152791.85638024576,0.2571548869228754,0.05,0.03857323303843131,0.03857323303843131,False,0.08857323303843131,541535.8399176347
17299,1443889.1829801907,1231227.0934249447,0.8527157817497386,0.05,0.1279073672624608,0.1,True,0.15000000000000002,1227305.805533162
17300,512026.42768637906,281387.902496252,0.5495573807932521,0.05,0.08243360711898781,0.08243360711898781,False,0.13243360711898783,444216.92092762236
17301,561343.5334433494,334054.622731914,0.5950983717275272,0.05,0.08926475575912908,0.08926475575912908,False,0.13926475575912908,483168.16336139484
17302,1462537.7639985378,699317.3974890728,0.4781533952170632,0.05,0.07172300928255948,0.07172300928255948,False,0.12172300928255948,1284513.2661752498
17303,352519.0679708661,127528.07753857889,0.36176221125467867,0.05,0.0542643316882018,0.0542643316882018,False,0.1042643316882018,315763.902941536
17304,275411.56883774744,197485.39387985252,0.7170555496751722,0.05,0.10755833245127581,0.1,True,0.15000000000000002,234099.83351208532
17305,675425.153749271,138037.1736307433,0.2043707920329911,0.05,0.030655618804948666,0.030655618804948666,False,0.08065561880494868,620948.3200171959
17306,232567.22012460974,113620.89793428237,0.48855078490169074,0.05,0.0732826177352536,0.0732826177352536,False,0.1232826177352536,203895.7244282369
17307,272952.3788423407,149540.20694779867,0.5478618929134674,0.05,0.0821792839370201,0.0821792839370201,False,0.1321792839370201,236873.7288580539
17308,364950.3923492651,156702.1833574563,0.42937940783877565,0.05,0.06440691117581634,0.06440691117581634,False,0.11440691117581635,323197.5452281834
17309,407400.10159447126,119871.98021422577,0.2942365005435053,0.05,0.04413547508152579,0.04413547508152579,False,0.0941354750815258,369049.29948261386
17310,277551.3560272848,86282.4892523142,0.31087035742614844,0.05,0.046630553613922265,0.046630553613922265,False,0.09663055361392227,250731.41483807346
17311,424684.36241768784,65152.420238829916,0.15341374913812075,0.05,0.023012062370718112,0.023012062370718112,False,0.07301206237071811,393677.28126097895
17312,301855.53453705675,183722.01743053936,0.6086422026758799,0.05,0.09129633040138198,0.09129633040138198,False,0.14129633040138198,259204.455195623
17313,209610.77664736426,137907.7498485475,0.6579229944868468,0.05,0.098688449173027,0.098688449173027,False,0.148688449173027,178444.0753377139
17314,467926.0002490173,161955.6272769643,0.3461137598483008,0.05,0.05191706397724512,0.05191706397724512,False,0.10191706397724512,420236.3561450218
17315,303543.60327361414,107407.93388817055,0.3538468039840492,0.05,0.05307702059760738,0.05307702059760738,False,0.10307702059760739,272255.23302670784
17316,496700.10876728373,107720.72885700449,0.21687277082412382,0.05,0.032530915623618574,0.032530915623618574,False,0.08253091562361858,455706.99400036887
17317,480829.6479735563,193521.86769200803,0.40247490666933866,0.05,0.0603712360004008,0.0603712360004008,False,0.1103712360004008,427759.8854210773
17318,354914.7936730534,292922.9465070771,0.8253331552499809,0.05,0.12379997328749712,0.1,True,0.15000000000000002,301677.5746220954
17319,261415.8315514725,64958.98273199404,0.24848909244122686,0.05,0.037273363866184024,0.037273363866184024,False,0.08727336386618403,238601.1925640998
17320,1067842.927471956,464493.0654083438,0.4349825741768959,0.05,0.06524738612653438,0.06524738612653438,False,0.11524738612653439,944776.8212871066
17321,565187.1958101431,265572.819632479,0.4698847065206513,0.05,0.07048270597809769,0.07048270597809769,False,0.1204827059780977,497091.91307476413
17322,536519.745636617,255233.68339529948,0.4757209505727463,0.05,0.07135814258591194,0.07135814258591194,False,0.12135814258591195,471408.7058454912
17323,1120632.5125575021,607876.6988910171,0.5424407127932812,0.05,0.08136610691899218,0.08136610691899218,False,0.1313661069189922,973419.3820959744
17324,890823.9174077358,311289.66878956906,0.34944017858816623,0.05,0.052416026788224934,0.052416026788224934,False,0.10241602678822494,799589.2712189137
17325,535243.5989938964,263743.4865745406,0.4927541162011135,0.05,0.07391311743016701,0.07391311743016701,False,0.12391311743016702,468919.89605802053
17326,350411.16084117396,145225.95641184598,0.4144444373952762,0.05,0.062166665609291426,0.062166665609291426,False,0.11216666560929142,311106.70933733834
17327,411586.09380742186,81495.38044254837,0.19800324080113227,0.05,0.029700486120169838,0.029700486120169838,False,0.07970048612016983,378782.48205066856
17328,574336.9822809261,181797.61868067872,0.3165347597131676,0.05,0.04748021395697514,0.04748021395697514,False,0.09748021395697515,518350.490364778
17329,609059.7239023253,168324.0562321737,0.2763670780160925,0.05,0.04145506170241387,0.04145506170241387,False,0.09145506170241388,553358.1292723829
17330,541177.5403022119,119935.93101710908,0.22162030403207936,0.05,0.0332430456048119,0.0332430456048119,False,0.08324304560481191,496128.2736345349
17331,669863.657715576,299374.72387637943,0.4469188922673185,0.05,0.06703783384009777,0.06703783384009777,False,0.11703783384009778,591464.2662483403
17332,444603.41383386974,140652.9740952812,0.31635603713073945,0.05,0.04745340556961092,0.04745340556961092,False,0.09745340556961092,401275.29702788405
17333,269739.74549422617,202678.40680643168,0.7513850301707579,0.05,0.11270775452561367,0.1,True,0.15000000000000002,229278.78367009223
17334,615166.9791149935,287248.95528443507,0.4669446915009713,0.05,0.07004170372514569,0.07004170372514569,False,0.1200417037251457,541321.2868665785
17335,343665.24963110656,330657.05483715935,0.9621486466615105,0.05,0.14432229699922655,0.1,True,0.15000000000000002,292115.4621864406
17336,308522.74608711014,162783.41732349683,0.5276220939558719,0.05,0.07914331409338078,0.07914331409338078,False,0.12914331409338078,268679.0961842301
17337,379737.1845875371,118497.10547780007,0.31205030817961443,0.05,0.046807546226942165,0.046807546226942165,False,0.09680754622694217,342975.7595364902
17338,618482.9426989515,208398.15355585562,0.3369505271179226,0.05,0.050542579067688394,0.050542579067688394,False,0.1005425790676884,556299.0725306255
17339,472664.60657108505,203943.09111361147,0.4314752750223959,0.05,0.06472129125335939,0.06472129125335939,False,0.11472129125335939,418439.9125754891
17340,435200.5367193074,280488.17373426416,0.6445032808292961,0.05,0.09667549212439441,0.09667549212439441,False,0.1466754921243944,371367.2838232024
17341,619937.2271170602,281002.37758892204,0.45327553387249886,0.05,0.06799133008087482,0.06799133008087482,False,0.11799133008087483,546790.0091228689
17342,259495.5985225795,270742.135600789,1.0433399916693804,0.05,0.15650099875040704,0.1,True,0.15000000000000002,220571.25874419257
17343,540497.49581365,176748.71176803514,0.32701115756690513,0.05,0.04905167363503577,0.04905167363503577,False,0.09905167363503578,486960.3142577622
17344,593568.5426342133,181538.77475317533,0.30584298478406496,0.05,0.04587644771760974,0.04587644771760974,False,0.09587644771760975,536659.2992895264
17345,505928.30957300815,200930.39604009362,0.39715191310340836,0.05,0.05957278696551125,0.05957278696551125,False,0.10957278696551126,450492.33468834375
17346,688604.5810859002,196121.0071638755,0.2848093267904216,0.05,0.042721399018563234,0.042721399018563234,False,0.09272139901856324,624756.2009570239
17347,339516.02229936444,78956.82636512828,0.23255699636911092,0.05,0.03488354945536664,0.03488354945536664,False,0.08488354945536664,310696.697229627
17348,839953.8520737803,276262.81150547275,0.3289023686520414,0.05,0.049335355297806215,0.049335355297806215,False,0.09933535529780621,756516.7377442704
17349,251973.73302478416,76161.05086706174,0.3022578978879935,0.05,0.04533868468319902,0.04533868468319902,False,0.09533868468319903,227950.88874348567
17350,493751.0831727325,218574.51488024532,0.4426815906422626,0.05,0.06640223859633938,0.06640223859633938,False,0.11640223859633939,436277.35178205906
17351,581656.7660148056,194611.19974023156,0.334580823452981,0.05,0.05018712351794715,0.05018712351794715,False,0.10018712351794715,523382.2477530306
17352,312151.91822466755,136727.8900985089,0.43801713882181137,0.05,0.0657025708232717,0.0657025708232717,False,0.1157025708232717,276035.1387986578
17353,1834798.363023866,1413321.7731026483,0.7702872433205156,0.05,0.11554308649807733,0.1,True,0.15000000000000002,1559578.608570286
17354,748182.4090890118,258996.8014070976,0.3461679909347943,0.05,0.05192519864021914,0.05192519864021914,False,0.10192519864021915,671923.7684234965
17355,311986.08759097476,75456.54112244316,0.24185867294624194,0.05,0.03627880094193629,0.03627880094193629,False,0.0862788009419363,285068.30204305955
17356,458083.8539990129,223003.56739012955,0.4868182221297197,0.05,0.07302273331945795,0.07302273331945795,False,0.12302273331945796,401729.1261905428
17357,771530.937072459,118990.69662120612,0.15422673402146544,0.05,0.023134010103219815,0.023134010103219815,False,0.07313401010321982,715105.7857256552
17358,424435.6987277493,285893.29713164177,0.6735844746061891,0.05,0.10103767119092837,0.1,True,0.15000000000000002,360770.3439185869
17359,563678.9639769498,149487.4564753913,0.26519963672354496,0.05,0.03977994550853174,0.03977994550853174,False,0.08977994550853174,513071.8973067936
17360,172624.51314176005,215468.4104594931,1.248191270972909,0.05,0.18722869064593636,0.1,True,0.15000000000000002,146730.83617049604
17361,255256.56780756195,63035.62837029382,0.2469500742398778,0.05,0.03704251113598167,0.03704251113598167,False,0.08704251113598167,233038.39516163975
17362,490138.31904203503,158344.88823085377,0.3230616380705257,0.05,0.04845924571057885,0.04845924571057885,False,0.09845924571057885,441879.6698553052
17363,403305.9560265827,211885.20650104672,0.5253708836550902,0.05,0.07880563254826353,0.07880563254826353,False,0.12880563254826355,351357.8772500965
17364,1579433.682839021,986127.8075036202,0.6243553105256451,0.05,0.09365329657884676,0.09365329657884676,False,0.14365329657884676,1352542.827571527
17365,372907.40299305413,126589.69876048504,0.33946684282597345,0.05,0.050920026423896016,0.050920026423896016,False,0.10092002642389603,335273.57802932867
17366,349808.01341399614,154977.1304803277,0.4430348206372076,0.05,0.06645522309558113,0.06645522309558113,False,0.11645522309558114,309071.0431712472
17367,1116832.264249224,609220.7523718559,0.5454899288582038,0.05,0.08182348932873057,0.08182348932873057,False,0.13182348932873056,969607.5381809844
17368,192520.76603079052,202253.277154623,1.0505530459102574,0.05,0.15758295688653862,0.1,True,0.15000000000000002,163642.65112617193
17369,401709.80783834157,272315.33657253196,0.6778906844169429,0.05,0.10168360266254144,0.1,True,0.15000000000000002,341453.3366625903
17370,207242.74689941044,81992.95439934719,0.395637268980729,0.05,0.059345590347109345,0.059345590347109345,False,0.10934559034710935,184581.66639453784
17371,886597.5696489871,542188.9681141912,0.6115389740227342,0.05,0.09173084610341012,0.09173084610341012,False,0.14173084610341014,760939.3459494091
17372,661985.6946045758,193263.8135190881,0.291945604103319,0.05,0.043791840615497846,0.043791840615497846,False,0.09379184061549785,599896.8378464838
17373,483615.2408655642,194142.7944160594,0.4014406040400769,0.05,0.06021609060601153,0.06021609060601153,False,0.11021609060601154,430313.0596598771
17374,324146.7554353725,89670.1611052992,0.276634455232662,0.05,0.0414951682848993,0.0414951682848993,False,0.0914951682848993,294488.893497809
17375,832527.2761257067,506155.0676631101,0.6079741555358765,0.05,0.09119612333038148,0.09119612333038148,False,0.14119612333038148,714977.652169955
17376,212031.85144583893,79215.54428540674,0.37360209678516826,0.05,0.05604031451777524,0.05604031451777524,False,0.10604031451777524,189547.92723073595
17377,449521.8925353721,78968.69852346461,0.17567264205547165,0.05,0.026350896308320746,0.026350896308320746,False,0.07635089630832075,415200.49313008384
17378,468744.4852814282,136670.40434607578,0.2915669594790446,0.05,0.04373504392185669,0.04373504392185669,False,0.09373504392185669,424806.7003654454
17379,914143.5532262161,425346.59016254917,0.46529518111395785,0.05,0.06979427716709367,0.06979427716709367,False,0.11979427716709368,804634.3870405229
17380,724130.6335919905,361583.6978215447,0.4993349004280326,0.05,0.07490023506420489,0.07490023506420489,False,0.12490023506420489,633686.5472391592
17381,195430.00779718359,164299.91938996108,0.8407097827088603,0.05,0.12610646740632905,0.1,True,0.15000000000000002,166115.50662760605
17382,218015.8615054631,74036.17030922219,0.3395907517828329,0.05,0.05093861276742493,0.05093861276742493,False,0.10093861276742494,196009.6428838066
17383,501509.21086215007,220860.03709574975,0.4403907890665992,0.05,0.06605861835998987,0.06605861835998987,False,0.11605861835998987,443304.7447546801
17384,611909.0506899843,421966.69766025513,0.6895905481124172,0.05,0.10343858221686257,0.1,True,0.15000000000000002,520122.69308648666
17385,628885.2078004748,177710.330288021,0.2825799177397774,0.05,0.04238698766096661,0.04238698766096661,False,0.09238698766096662,570784.3978672479
17386,281876.2217949827,115838.78236332917,0.4109562049103323,0.05,0.06164343073654984,0.06164343073654984,False,0.11164343073654984,250406.59335073418
17387,439997.37466876855,204242.98300096043,0.4641913674023969,0.05,0.06962870511035954,0.06962870511035954,False,0.11962870511035954,387361.0584851861
17388,504141.8413176058,186626.85254961113,0.3701871918860183,0.05,0.055528078782902744,0.055528078782902744,False,0.10552807878290274,450940.72136928386
17389,276554.23269666097,199424.02365872872,0.7211027714678565,0.05,0.10816541572017847,0.1,True,0.15000000000000002,235071.0977921618
17390,233431.17917874618,164735.60263748636,0.7057137920352221,0.05,0.10585706880528331,0.1,True,0.15000000000000002,198416.50230193426
17391,517938.75465999235,128545.75831802865,0.24818717881502067,0.05,0.0372280768222531,0.0372280768222531,False,0.0872280768222531,472759.9531792884
17392,783847.1338595547,225373.6256124475,0.28752242098882086,0.05,0.04312836314832313,0.04312836314832313,False,0.09312836314832312,710848.7333247098
17393,310477.47250120447,126721.64525663428,0.4081508530579225,0.05,0.061222627958688366,0.061222627958688366,False,0.11122262795868837,275945.3520876491
17394,620725.333227207,345235.88510034245,0.5561814004036696,0.05,0.08342721006055044,0.08342721006055044,False,0.13342721006055044,537903.6838007952
17395,315246.8930829712,164353.07301555952,0.5213471619284213,0.05,0.0782020742892632,0.0782020742892632,False,0.1282020742892632,274831.5874764887
17396,742492.9466632426,132777.67158135725,0.17882684566642557,0.05,0.026824026849963833,0.026824026849963833,False,0.07682402684996384,685451.648592877
17397,535632.8242698146,297992.2990124038,0.556336888835431,0.05,0.08345053332531464,0.08345053332531464,False,0.13345053332531465,464152.33820446336
17398,319419.80162733723,145086.22919683484,0.4542180179740547,0.05,0.0681327026961082,0.0681327026961082,False,0.1181327026961082,281685.87716644513
17399,627316.6904953268,121090.77534086013,0.19302973629674564,0.05,0.028954460444511845,0.028954460444511845,False,0.07895446044451185,577787.2396694315
17400,596487.8604066139,396758.912166124,0.6651584022106691,0.05,0.09977376033160036,0.09977376033160036,False,0.14977376033160036,507149.6305613646
17401,396866.3384177855,139419.6782054811,0.35130134432997057,0.05,0.052695201649495586,0.052695201649495586,False,0.10269520164949558,356110.06976607407
17402,445989.01677671203,115774.09544273687,0.259589566306966,0.05,0.038938434946044896,0.038938434946044896,False,0.08893843494604489,406323.4516214659
17403,336017.3807421567,249647.6860081373,0.7429606333361212,0.05,0.11144409500041817,0.1,True,0.15000000000000002,285614.7736308332
17404,383719.42708054895,132768.1508762911,0.3460032031383725,0.05,0.05190048047075588,0.05190048047075588,False,0.10190048047075588,344618.23309507786
17405,839765.43870023,167910.35099675774,0.19994910871379226,0.05,0.02999236630706884,0.02999236630706884,False,0.07999236630706884,772590.6141157048
17406,245628.4242949608,320327.82918857294,1.304115474860149,0.05,0.19561732122902234,0.1,True,0.15000000000000002,208784.1606507167
17407,588621.9890271513,189862.64927235682,0.32255446247625497,0.05,0.048383169371438245,0.048383169371438245,False,0.09838316937143825,530711.4921849401
17408,335540.44745922735,56207.555691041285,0.16751350281808053,0.05,0.025127025422712078,0.025127025422712078,False,0.07512702542271207,310332.2917326098
17409,573397.1668238534,280070.4439168081,0.4884405785751733,0.05,0.073266086786276,0.073266086786276,False,0.123266086786276,502716.74189513945
17410,764319.0629273093,190451.69116301497,0.24917825604609825,0.05,0.03737673840691474,0.03737673840691474,False,0.08737673840691473,697535.3561064916
17411,238829.1435672923,160058.95058232686,0.670181821998741,0.05,0.10052727329981115,0.1,True,0.15000000000000002,203004.77203219847
17412,337506.34426509653,98512.41415663285,0.29188314777056645,0.05,0.043782472165584965,0.043782472165584965,False,0.09378247216558497,305854.16492834676
17413,333582.43147145305,152347.20985920544,0.4567003399645249,0.05,0.06850505099467874,0.06850505099467874,False,0.11850505099467874,294051.2284189996
17414,542323.5684020686,174092.16253277997,0.32101161128905853,0.05,0.04815174169335878,0.04815174169335878,False,0.09815174169335877,489093.5656020481
17415,502270.6236238431,159131.27452082542,0.31682377395019795,0.05,0.04752356609252969,0.04752356609252969,False,0.09752356609252968,453287.4012645271
17416,499759.6887447482,294461.78442517424,0.5892067548800847,0.05,0.0883810132320127,0.0883810132320127,False,0.13838101323201268,430602.43664373463
17417,1305446.5979280223,507205.07524738624,0.3885299299507246,0.05,0.05827948949260869,0.05827948949260869,False,0.10827948949260868,1164093.5067445133
17418,789809.5200660299,72887.62752503494,0.09228507085979588,0.05,0.013842760628969383,0.013842760628969383,False,0.06384276062896939,739385.8999339731
17419,236230.388513156,164327.05685999698,0.6956220065262492,0.05,0.10434330097893738,0.1,True,0.15000000000000002,200795.8302361826
17420,335623.90169697057,136874.7658311695,0.4078218659014087,0.05,0.0611732798852113,0.0611732798852113,False,0.1111732798852113,298311.49173744663
17421,856657.145660386,715845.6004251173,0.8356267195708513,0.05,0.1253440079356277,0.1,True,0.15000000000000002,728158.573811328
17422,578965.864429416,124798.60724655009,0.21555434424366615,0.05,0.03233315163654992,0.03233315163654992,False,0.08233315163654992,531297.7801209626
17423,490691.3320030574,137454.08128749416,0.28012331240169064,0.05,0.04201849686025359,0.04201849686025359,False,0.0920184968602536,445538.65320978046
17424,492962.90726169496,140129.00063296285,0.2842587110891363,0.05,0.04263880666337044,0.04263880666337044,False,0.09263880666337045,447295.4118036658
17425,363099.0648031224,50859.39906402293,0.14007031136695336,0.05,0.021010546705043005,0.021010546705043005,False,0.071010546705043,337315.20170336287
17426,744722.2459812944,256914.3157560666,0.3449800474504956,0.05,0.05174700711757434,0.05174700711757434,False,0.10174700711757434,668948.9863188197
17427,416150.7204268108,183660.6362957385,0.4413320157354846,0.05,0.06619980236032269,0.06619980236032269,False,0.1161998023603227,367794.08896110946
17428,697965.2026274062,313183.37269985164,0.44870914985576704,0.05,0.06730637247836506,0.06730637247836506,False,0.11730637247836506,616089.4365910582
17429,288413.02767614654,251203.2573083713,0.8709844327505297,0.05,0.13064766491257945,0.1,True,0.15000000000000002,245151.07352472455
17430,296755.3608996926,190343.47354043677,0.6414154506370502,0.05,0.09621231759555753,0.09621231759555753,False,0.14621231759555753,253366.07182364244
17431,621319.9832449431,499425.31435555074,0.8038133776853951,0.05,0.12057200665280926,0.1,True,0.15000000000000002,528121.9857582016
17432,555385.1583609567,190777.75769184798,0.34350532206310314,0.05,0.05152579830946547,0.05152579830946547,False,0.10152579830946548,498999.23678913165
17433,416462.5977789734,279623.85698839463,0.6714260979969147,0.05,0.1007139146995372,0.1,True,0.15000000000000002,353993.2081121274
17434,171625.1005618026,124644.74087971335,0.7262617208770608,0.05,0.10893925813155911,0.1,True,0.15000000000000002,145881.3354775322
17435,559618.3690766742,365837.0519081381,0.6537259534774388,0.05,0.09805889302161581,0.09805889302161581,False,0.14805889302161582,476761.8928366198
17436,337097.52302184567,153720.60948574642,0.45601227830969415,0.05,0.06840184174645413,0.06840184174645413,False,0.11840184174645413,297184.5554478914
17437,284374.0779867154,102925.48759937292,0.36193695405732834,0.05,0.05429054310859925,0.05429054310859925,False,0.10429054310859925,254716.55094747373
17438,530180.6490184773,300200.5416196978,0.5662231206956698,0.05,0.08493346810435047,0.08493346810435047,False,0.13493346810435047,458641.5353245988
17439,271268.36074428476,122115.28196317542,0.4501641165527935,0.05,0.06752461748291902,0.06752461748291902,False,0.11752461748291902,239387.65041259423
17440,499757.7020758227,193179.5933596493,0.38654650555108466,0.05,0.057981975832662694,0.057981975832662694,False,0.1079819758326627,445792.8779680842
17441,335587.0179315994,101013.38751614682,0.3010050512047392,0.05,0.045150757680710876,0.045150757680710876,False,0.09515075768071088,303655.6589075974
17442,215648.49654870335,152767.2336678573,0.7084085264343841,0.05,0.10626127896515762,0.1,True,0.15000000000000002,183301.22206639784
17443,561846.4166120669,304441.2203877204,0.5418584356620098,0.05,0.08127876534930147,0.08127876534930147,False,0.13127876534930147,488087.91272330546
17444,219126.30316242814,118848.57727590468,0.5423747654237919,0.05,0.08135621481356879,0.08135621481356879,False,0.1313562148135688,190342.70141292104
17445,430045.6321396598,95573.57113436965,0.22224053447270353,0.05,0.03333608017090553,0.03333608017090553,False,0.08333608017090553,394207.3148625213
17446,793540.5665436767,263689.6350368314,0.33229509133395746,0.05,0.049844263700093615,0.049844263700093615,False,0.09984426370009361,714310.0929609681
17447,219327.84748386356,112993.24083187821,0.5151796369140557,0.05,0.07727694553710834,0.07727694553710834,False,0.12727694553710833,191412.46898488866
17448,251998.60571690756,86387.02762126827,0.3428075618732371,0.05,0.05142113428098556,0.05142113428098556,False,0.10142113428098556,226440.62128787197
17449,348196.0926612554,99330.62850923347,0.28527209409517373,0.05,0.04279081411427606,0.04279081411427606,False,0.09279081411427606,315886.6937518076
17450,674510.362830656,361433.1308149174,0.5358451859777572,0.05,0.08037677789666357,0.08037677789666357,False,0.13037677789666358,586569.8750668856
17451,455229.25679825764,156550.8135468926,0.3438944470484038,0.05,0.051584167057260565,0.051584167057260565,False,0.10158416705726056,408985.17192631087
17452,397455.6751300024,147370.98819968454,0.3707859704141386,0.05,0.05561789556212079,0.05561789556212079,False,0.10561789556212078,355477.2431435496
17453,501221.2351090798,104355.15969202295,0.20820179270599407,0.05,0.031230268905899108,0.031230268905899108,False,0.08123026890589911,460506.89939982235
17454,208986.33420439018,63240.929265701445,0.30260796480525537,0.05,0.04539119472078831,0.04539119472078831,False,0.0953911947207883,189050.87810431546
17455,284882.28427197784,83355.79215476758,0.29259731740702977,0.05,0.043889597611054466,0.043889597611054466,False,0.09388959761105448,258134.8012351638
17456,208672.90258488464,84298.50307572866,0.40397436385607105,0.05,0.06059615457841065,0.06059615457841065,False,0.11059615457841065,185594.48199428112
17457,384948.85612246266,243300.81243513437,0.632034122365943,0.05,0.09480511835489146,0.09480511835489146,False,0.14480511835489146,329206.29145106935
17458,892233.3984381071,574027.867176547,0.6433606589726493,0.05,0.09650409884589739,0.09650409884589739,False,0.14650409884589738,761517.5484397197
17459,362693.15270105953,216543.57026980413,0.5970434474904041,0.05,0.08955651712356061,0.08955651712356061,False,0.1395565171235606,312076.95952553593
17460,360668.4899189394,161889.54769924108,0.4488596931093867,0.05,0.067328953966408,0.067328953966408,False,0.11732895396640801,318351.6332681063
17461,256023.10558946885,73611.05419576616,0.2875172302370277,0.05,0.04312758453555415,0.04312758453555415,False,0.09312758453555416,232180.2921806305
17462,614038.6031665079,137763.2990001276,0.22435608818354785,0.05,0.033653413227532174,0.033653413227532174,False,0.08365341322753217,562672.1781581633
17463,369203.8826608821,96343.69997360674,0.26094985588789027,0.05,0.03914247838318354,0.03914247838318354,False,0.08914247838318354,336292.133531797
17464,329710.06505004875,286027.3561345548,0.8675117518512421,0.05,0.1301267627776863,0.1,True,0.15000000000000002,280253.55529254145
17465,856224.4699878506,194058.43981496512,0.22664435158892238,0.05,0.03399665273833836,0.03399665273833836,False,0.08399665273833837,784304.4805162133
17466,419148.53237563453,193592.7329842177,0.46187143227480715,0.05,0.06928071484122107,0.06928071484122107,False,0.11928071484122107,369152.19580922014
17467,294522.4827187566,128176.33448915291,0.4352005093327635,0.05,0.06528007639991452,0.06528007639991452,False,0.11528007639991453,260569.9084094458
17468,332927.3560921861,86753.09191387339,0.2605766402982272,0.05,0.039086496044734076,0.039086496044734076,False,0.08908649604473408,303268.0245004958
17469,406133.6805357587,153238.45579142607,0.3773103860514073,0.05,0.05659655790771109,0.05659655790771109,False,0.1065965579077111,362841.2281402569
17470,322231.32142861385,316915.66687195946,0.9835036068713389,0.05,0.1475255410307008,0.1,True,0.15000000000000002,273896.6232143218
17471,578665.4248304153,221519.9332194017,0.38281176602925726,0.05,0.057421764904388585,0.057421764904388585,False,0.1074217649043886,516504.16360598424
17472,407535.85150671727,242861.07273876853,0.5959256635726085,0.05,0.08938884953589127,0.08938884953589127,False,0.13938884953589126,350729.89802056615
17473,529943.4245830942,279166.8660155379,0.5267861682313694,0.05,0.0790179252347054,0.0790179252347054,False,0.1290179252347054,461571.2234516088
17474,576783.7166216937,311236.73640864505,0.5396073561708781,0.05,0.08094110342563171,0.08094110342563171,False,0.1309411034256317,501259.02032931225
17475,377939.64251755935,194377.19272614428,0.5143075000847876,0.05,0.07714612501271814,0.07714612501271814,False,0.12714612501271816,329886.08148275974
17476,264037.99625057564,88811.43378413696,0.33635853568534774,0.05,0.05045378035280216,0.05045378035280216,False,0.10045378035280217,237514.3813704263
17477,1563243.546923088,1127567.8818525088,0.7213001992375955,0.05,0.10819502988563932,0.1,True,0.15000000000000002,1328757.0148846246
17478,1377044.4360439244,820397.1980718044,0.5957666845005397,0.05,0.08936500267508095,0.08936500267508095,False,0.13936500267508095,1185132.6345309576
17479,773314.8264202427,433572.95560373506,0.5606681015166757,0.05,0.08410021522750134,0.08410021522750134,False,0.13410021522750135,669613.1417586702
17480,497820.5365747536,204828.5177123443,0.4114505181358401,0.05,0.06171757772037601,0.06171757772037601,False,0.11171757772037602,442205.23208916426
17481,467575.5284083904,199277.57416497573,0.42619333574472795,0.05,0.06392900036170919,0.06392900036170919,False,0.11392900036170919,414305.11586322455
17482,735162.9065409489,67566.73618751636,0.09190716178190754,0.05,0.013786074267286131,0.013786074267286131,False,0.06378607426728614,688269.750785774
17483,589972.8189947607,255436.0034651783,0.43296232511255184,0.05,0.06494434876688278,0.06494434876688278,False,0.11494434876688278,522158.77752524597
17484,337731.05278025306,79871.23823692632,0.2364936169754431,0.05,0.03547404254631646,0.03547404254631646,False,0.08547404254631646,308863.8144057014
17485,248353.9007666146,253421.7907345784,1.0204059205525675,0.05,0.15306088808288512,0.1,True,0.15000000000000002,211100.8156516224
17486,370585.92031732807,85321.22822818044,0.23023332390804524,0.05,0.03453499858620678,0.03453499858620678,False,0.08453499858620678,339258.4400672346
17487,560547.0370465899,178100.2765814002,0.31772583710329627,0.05,0.04765887556549444,0.04765887556549444,False,0.09765887556549444,505804.64370705036
17488,496025.0061517913,279882.4142026955,0.5642506138431399,0.05,0.08463759207647098,0.08463759207647098,False,0.13463759207647097,429241.39371379744
17489,574701.510637429,205184.9171259309,0.35702867197678056,0.05,0.05355430079651708,0.05355430079651708,False,0.10355430079651709,515188.69753666787
17490,361969.08879983454,236465.94660168973,0.6532766302938458,0.05,0.09799149454407687,0.09799149454407687,False,0.14799149454407687,308400.74236958934
17491,321376.68888444937,100923.05556304893,0.31403352842226745,0.05,0.04710502926334011,0.04710502926334011,False,0.09710502926334011,290169.39610576956
17492,238599.69700694288,71520.36490103841,0.2997504430986653,0.05,0.04496256646479979,0.04496256646479979,False,0.0949625664647998,215941.65742143997
17493,687932.5061081782,360430.67179756775,0.5239331890807463,0.05,0.07858997836211194,0.07858997836211194,False,0.12858997836211195,599471.2800331342
17494,543961.6075264442,151200.6767173807,0.2779620374403541,0.05,0.04169430561605311,0.04169430561605311,False,0.09169430561605312,494083.42564251495
17495,364861.84989697405,128035.14129784994,0.35091402769021535,0.05,0.0526371041535323,0.0526371041535323,False,0.1026371041535323,327413.48620744783
17496,290540.96566248406,74647.8566284086,0.25692713059653555,0.05,0.03853906958948033,0.03853906958948033,False,0.08853906958948032,264816.73888509854
17497,290975.13314874296,204809.4521020922,0.7038726982810456,0.05,0.10558090474215684,0.1,True,0.15000000000000002,247328.8631764315
17498,810639.553762937,154934.46620210365,0.1911262107590331,0.05,0.028668931613854965,0.028668931613854965,False,0.07866893161385496,746867.4061444746
17499,440729.4926731473,108232.82340337441,0.24557653890351686,0.05,0.03683648083552753,0.03683648083552753,False,0.08683648083552753,402458.09452898375
17500,1158696.2395399057,474050.8606715322,0.4091243627922431,0.05,0.06136865441883647,0.06136865441883647,False,0.11136865441883648,1029653.7984621805
17501,934862.7570971509,166999.7124165065,0.17863553890525974,0.05,0.02679533083578896,0.02679533083578896,False,0.07679533083578896,863069.6623798175
17502,1099687.0097964564,217615.468433575,0.19788855055572036,0.05,0.02968328258335805,0.02968328258335805,False,0.07968328258335805,1012060.3390415974
17503,472892.9036214351,208999.05414536363,0.44195853341177144,0.05,0.06629378001176571,0.06629378001176571,False,0.11629378001176571,417898.4003185588
17504,309545.5058406931,70660.99613838602,0.22827337113642848,0.05,0.03424100567046427,0.03424100567046427,False,0.08424100567046428,283469.0811279005
17505,400531.57739354303,235189.34392923728,0.5871930134940436,0.05,0.08807895202410654,0.08807895202410654,False,0.13807895202410653,345226.59693448024
17506,813451.3380401618,187040.2935435098,0.22993421339024858,0.05,0.03449013200853729,0.03449013200853729,False,0.08449013200853729,744722.7271066272
17507,345842.951822376,75796.54474014533,0.21916463626263005,0.05,0.03287469543939451,0.03287469543939451,False,0.08287469543939452,317181.3225202354
17508,322157.39029920305,106932.4555296051,0.3319261291205885,0.05,0.049788919368088276,0.049788919368088276,False,0.09978891936808829,290009.6524548021
17509,233555.1669380099,130804.88451109317,0.5600599045869593,0.05,0.0840089856880439,0.0840089856880439,False,0.1340089856880439,202256.67591444543
17510,283560.45364051504,197212.658341965,0.6954871732289658,0.05,0.10432307598434487,0.1,True,0.15000000000000002,241026.38559443777
17511,423907.5412931746,58103.3244129786,0.13706603151179686,0.05,0.020559904726769527,0.020559904726769527,False,0.07055990472676953,393996.6655665691
17512,283860.1272637852,76715.64111055757,0.27025860183338585,0.05,0.040538790275007876,0.040538790275007876,False,0.09053879027500789,258159.77473401232
17513,432133.55673217284,158184.4497660994,0.3660545386993372,0.05,0.05490818080490058,0.05490818080490058,False,0.10490818080490058,386799.2114306493
17514,272971.35349395307,53304.8841474792,0.19527647668955864,0.05,0.029291471503433794,0.029291471503433794,False,0.0792914715034338,251327.05319713353
17515,185864.9774863585,213998.21898081497,1.1513638657208636,0.05,0.17270457985812954,0.1,True,0.15000000000000002,157985.23086340472
17516,259859.4021086775,113589.37120407773,0.4371185736684362,0.05,0.06556778605026543,0.06556778605026543,False,0.11556778605026544,229828.02632263195
17517,450590.9471565443,225255.92909384693,0.49991223861758705,0.05,0.07498683579263805,0.07498683579263805,False,0.12498683579263806,394273.01043464005
17518,304479.69994662347,181991.15802976312,0.59771195932493,0.05,0.0896567938987395,0.0896567938987395,False,0.1396567938987395,261957.04124482782
17519,560606.5775951579,202255.76843007555,0.3607802271919374,0.05,0.054117034078790614,0.054117034078790614,False,0.10411703407879061,502237.8834508887
17520,237876.10991043548,191786.1472788349,0.8062438357136651,0.05,0.12093657535704976,0.1,True,0.15000000000000002,202194.69342387017
17521,274269.6404330684,141482.6867785085,0.5158525258395683,0.05,0.07737787887593524,0.07737787887593524,False,0.12737787887593524,239333.7553946387
17522,487278.7294713708,241176.9202294601,0.4949465380750424,0.05,0.07424198071125636,0.07424198071125636,False,0.12424198071125636,426738.25496338325
17523,699020.2839061469,309413.55041086965,0.4426388726259232,0.05,0.06639583089388848,0.06639583089388848,False,0.11639583089388848,617657.2371492091
17524,1014444.3405773647,560688.8649676788,0.5527053999321109,0.05,0.08290580998981663,0.08290580998981663,False,0.13290580998981663,879618.7938033446
17525,454485.6546474543,138384.2977975568,0.30448551320041517,0.05,0.045672826980062274,0.045672826980062274,False,0.09567282698006227,411003.7272454481
17526,1651061.7833234381,891553.5137615427,0.5399879778980324,0.05,0.08099819668470486,0.08099819668470486,False,0.13099819668470486,1434775.6670930348
17527,427341.4268611586,136759.50142615708,0.32002397340847943,0.05,0.048003596011271916,0.048003596011271916,False,0.09800359601127193,385460.43030417705
17528,391748.0466792106,83009.90454124636,0.2118961542882188,0.05,0.03178442314323282,0.03178442314323282,False,0.08178442314323282,359709.15866406314
17529,675076.4003884298,133591.7538199349,0.1978913108843207,0.05,0.029683696632648103,0.029683696632648103,False,0.0796836966326481,621283.817296018
17530,542947.2347135418,226340.38954781438,0.4168736390511893,0.05,0.0625310458576784,0.0625310458576784,False,0.1125310458576784,481848.8145456926
17531,417594.6987455715,178713.04080502014,0.4279581166663825,0.05,0.06419371749995738,0.06419371749995738,False,0.11419371749995738,369908.00768753985
17532,517030.54670995916,192965.643226017,0.3732190379348433,0.05,0.05598285569022649,0.05598285569022649,False,0.1059828556902265,462234.17289055866
17533,531536.7796042676,182289.73312565708,0.34294848469634204,0.05,0.05144227270445131,0.05144227270445131,False,0.1014422727044513,477616.4806552056
17534,521473.61950978695,88802.74694935157,0.17029192585586764,0.05,0.025543788878380144,0.025543788878380144,False,0.07554378887838015,482079.5264918949
17535,467321.61024224747,93366.64933937037,0.19979099466633163,0.05,0.029968649199949744,0.029968649199949744,False,0.07996864919994975,429950.5323292295
17536,527298.2192266595,213457.35399153148,0.40481334130919316,0.05,0.06072200119637897,0.06072200119637897,False,0.11072200119637898,468914.7051665968
17537,359341.6008583971,237403.4502730452,0.6606623049096865,0.05,0.09909934573645297,0.09909934573645297,False,0.14909934573645298,305764.00327452045
17538,484757.8590896837,59682.985329208605,0.12311917013843983,0.05,0.018467875520765974,0.018467875520765974,False,0.06846787552076597,451567.5183358182
17539,459221.74653051107,85740.9530948918,0.18670926135941407,0.05,0.02800638920391211,0.02800638920391211,False,0.07800638920391212,423399.5162397517
17540,302540.6493572087,244806.50386961777,0.8091689642028089,0.05,0.12137534463042134,0.1,True,0.15000000000000002,257159.55195362738
17541,572510.2942452445,97362.59801849193,0.17006261546239554,0.05,0.02550939231935933,0.02550939231935933,False,0.07550939231935933,529280.3898302085
17542,588978.6669123349,143693.10596572014,0.2439699670601275,0.05,0.03659549505901912,0.03659549505901912,False,0.08659549505901912,537975.76767186
17543,829031.5893913246,362995.75273060054,0.43785515217473464,0.05,0.0656782728262102,0.0656782728262102,False,0.1156782728262102,733130.6470121682
17544,649585.5587494946,335136.2816579178,0.515923233119718,0.05,0.0773884849679577,0.0773884849679577,False,0.12738848496795768,566835.8385633322
17545,307498.7016596433,129943.90288559726,0.4225835822533859,0.05,0.06338753733800788,0.06338753733800788,False,0.11338753733800788,272632.18114382157
17546,1054973.537809782,477116.4859443726,0.45225445837713474,0.05,0.06783816875657021,0.06783816875657021,False,0.11783816875657022,930657.388027637
17547,326500.9768097285,164323.96719605546,0.5032878271963541,0.05,0.07549317407945312,0.07549317407945312,False,0.12549317407945312,285527.3328898337
17548,421347.64484083524,112707.68501826219,0.26749333097812306,0.05,0.04012399964671846,0.04012399964671846,False,0.09012399964671847,383374.10984605417
17549,346530.13182201405,211396.67343199532,0.6100383603598823,0.05,0.09150575405398235,0.09150575405398235,False,0.14150575405398236,297494.12421611405
17550,890367.7051345634,661173.2260021329,0.7425844650353847,0.05,0.1113876697553077,0.1,True,0.15000000000000002,756812.5493643789
17551,451731.5864290886,397896.5164359593,0.8808250925761195,0.05,0.13212376388641792,0.1,True,0.15000000000000002,383971.8484647253
17552,316433.3135138426,341372.19599009404,1.0788124429735824,0.05,0.16182186644603735,0.1,True,0.15000000000000002,268968.3164867662
17553,586271.1953642217,238227.4404634548,0.4063434164038295,0.05,0.06095151246057442,0.06095151246057442,False,0.11095151246057441,521223.5195264924
17554,783308.5458573122,454884.9103559471,0.5807225170230801,0.05,0.08710837755346201,0.08710837755346201,False,0.137108377553462,675910.3820110544
17555,2055469.465184563,3024008.454718937,1.47120086478512,0.05,0.220680129717768,0.1,True,0.15000000000000002,1747149.0454068785
17556,401226.55866416596,125651.42747662752,0.3131682705525984,0.05,0.04697524058288976,0.04697524058288976,False,0.09697524058288975,362317.51660946355
17557,776966.1314929442,451760.6867620093,0.58144192964235,0.05,0.0872162894463525,0.0872162894463525,False,0.1372162894463525,670353.7219039956
17558,753848.5859173164,339169.5040546169,0.44991727833766565,0.05,0.06748759175064985,0.06748759175064985,False,0.11748759175064985,665280.731013258
17559,1000964.5272295519,356525.5779168833,0.3561820306496446,0.05,0.05342730459744669,0.05342730459744669,False,0.1034273045974467,897437.4641805418
17560,357191.9171037543,138342.340142445,0.3873053490800588,0.05,0.05809580236200882,0.05809580236200882,False,0.10809580236200883,318580.97022719984
17561,357053.9010650221,173159.09848918096,0.4849662697219696,0.05,0.07274494045829544,0.07274494045829544,False,0.12274494045829544,313227.34123839386
17562,510635.32554717327,239533.9395834162,0.469090028831716,0.05,0.0703635043247574,0.0703635043247574,False,0.1203635043247574,449173.4683323022
17563,571668.6329827481,201982.916181545,0.3533216701564951,0.05,0.05299825052347427,0.05299825052347427,False,0.10299825052347428,512787.7639063789
17564,230292.1034763336,210359.1372510279,0.9134448557965681,0.05,0.1370167283694852,0.1,True,0.15000000000000002,195748.28795488356
17565,251674.99490098245,244800.2289302999,0.9726839530745305,0.05,0.14590259296117958,0.1,True,0.15000000000000002,213923.74566583507
17566,273288.9186109413,181654.10968369996,0.6646962145666279,0.05,0.09970443218499418,0.09970443218499418,False,0.14970443218499419,232376.35622783928
17567,198609.07299113827,87298.31353784235,0.439548466860512,0.05,0.0659322700290768,0.0659322700290768,False,0.1159322700290768,175583.872310905
17568,475145.2879624462,272382.52516135684,0.5732615519126962,0.05,0.08598923278690443,0.08598923278690443,False,0.13598923278690445,410530.64479012036
17569,372861.085603466,264542.9683563999,0.7094947114908599,0.05,0.10642420672362897,0.1,True,0.15000000000000002,316931.9227629461
17570,384103.03709497256,208273.37492400728,0.5422330854221026,0.05,0.08133496281331538,0.08133496281331538,False,0.1313349628133154,333656.87900162284
17571,292772.9963285659,152049.87994289355,0.5193439348902754,0.05,0.0779015902335413,0.0779015902335413,False,0.1279015902335413,255326.86452070356
17572,725477.3749035683,168020.00678489823,0.23159923740865349,0.05,0.034739885611298024,0.034739885611298024,False,0.08473988561129803,664000.5051406552
17573,317604.3098718868,256395.02911430446,0.807278179624601,0.05,0.12109172694369015,0.1,True,0.15000000000000002,269963.6633911038
17574,729862.6594725779,1214015.0032244283,1.663347189321501,0.05,0.24950207839822514,0.1,True,0.15000000000000002,620383.2605516912
17575,503985.6673791657,240283.2781079198,0.4767660940785176,0.05,0.07151491411177764,0.07151491411177764,False,0.12151491411177764,442743.89229401946
17576,489172.2960253929,106999.51992178272,0.21873585399494574,0.05,0.03281037809924186,0.03281037809924186,False,0.08281037809924185,448663.75323585584
17577,488878.63356530725,60391.26212713041,0.12353017289118853,0.05,0.01852952593367828,0.01852952593367828,False,0.06852952593367828,455376.01256797236
17578,629706.2394067205,294737.3949339028,0.4680553827949846,0.05,0.07020830741924769,0.07020830741924769,False,0.12020830741924769,554010.318196299
17579,240127.12993313133,120938.49841142079,0.5036436259622091,0.05,0.07554654389433137,0.07554654389433137,False,0.12554654389433137,209979.99867476165
17580,536292.1169124356,280625.0227643584,0.5232689683748942,0.05,0.07849034525623413,0.07849034525623413,False,0.12849034525623415,467383.7576521601
17581,466094.876626864,210402.58342902135,0.45141578245122144,0.05,0.06771236736768321,0.06771236736768321,False,0.11771236736768322,411229.7452811676
17582,970905.5642012514,545721.1196707101,0.5620743559335415,0.05,0.08431115339003122,0.08431115339003122,False,0.13431115339003122,840502.1180405823
17583,399165.4278665498,98405.20104764978,0.24652736479109333,0.05,0.036979104718663995,0.036979104718663995,False,0.08697910471866399,364446.37631607486
17584,693058.2286496558,233485.49715857604,0.33689160233115717,0.05,0.050533740349673575,0.050533740349673575,False,0.10053374034967358,623382.4926433866
17585,941418.2971947632,402019.74573793286,0.42703625682214874,0.05,0.06405543852332231,0.06405543852332231,False,0.11405543852332231,834044.4204743351
17586,405713.4202564921,198250.47035253415,0.48864656788331073,0.05,0.07329698518249661,0.07329698518249661,False,0.12329698518249661,355690.17869078735
17587,422374.3183722432,145410.44543037692,0.34426914493940675,0.05,0.05164037174091101,0.05164037174091101,False,0.101640371740911,379444.0356390745
17588,320682.6159848531,162969.34915328832,0.5081951469454954,0.05,0.07622927204182431,0.07622927204182431,False,0.12622927204182433,280203.08281261724
17589,269126.831436183,41846.88025280816,0.15549129765134972,0.05,0.023323694647702457,0.023323694647702457,False,0.07332369464770246,249393.45782645262
17590,257174.28099471878,74228.3427714645,0.28863050568026594,0.05,0.04329457585203989,0.04329457585203989,False,0.0932945758520399,233181.31552926314
17591,394270.1903376447,138106.7912290045,0.35028463884305516,0.05,0.05254269582645827,0.05254269582645827,False,0.10254269582645828,353840.6621364118
17592,627632.9657904889,209171.51992501598,0.33327044837673464,0.05,0.049990567256510195,0.049990567256510195,False,0.0999905672565102,564875.589512212
17593,1256083.8540073645,1122109.3283107858,0.8933395049469419,0.05,0.13400092574204128,0.1,True,0.15000000000000002,1067671.27590626
17594,284551.9981305692,117868.31672060327,0.41422417517700355,0.05,0.06213362627655053,0.06213362627655053,False,0.11213362627655053,252644.15071595024
17595,373147.2322719725,169473.48601944325,0.45417323609121835,0.05,0.06812598541368275,0.06812598541368275,False,0.11812598541368276,329068.8477554574
17596,302392.7919416246,139998.587549756,0.4629693275783571,0.05,0.06944539913675357,0.06944539913675357,False,0.11944539913675357,266273.36421207996
17597,359150.7511346708,187293.02736237808,0.5214886138220793,0.05,0.0782232920733119,0.0782232920733119,False,0.1282232920733119,313099.2594735805
17598,708961.9243657987,104518.15581316676,0.14742421591492855,0.05,0.02211363238723928,0.02211363238723928,False,0.07211363238723928,657836.1047755338
17599,911829.5685307481,357198.4391226808,0.3917381618784778,0.05,0.05876072428177167,0.05876072428177167,False,0.10876072428177166,812658.3242358087
17600,368264.73426026595,146555.66023178678,0.39796278762932163,0.05,0.05969441814439824,0.05969441814439824,False,0.10969441814439825,327868.1485124846
17601,296072.14346628607,77531.942971894,0.2618684151240409,0.05,0.039280262268606134,0.039280262268606134,False,0.08928026226860614,269638.74484718766
17602,184675.83547363256,187360.1519261233,1.0145352879850598,0.05,0.15218029319775897,0.1,True,0.15000000000000002,156974.46015258768
17603,361881.37601772614,113105.9270298407,0.3125497318333962,0.05,0.046882459775009426,0.046882459775009426,False,0.09688245977500942,326821.41816236376
17604,775033.0977928792,151520.91306165268,0.19550250627121646,0.05,0.029325375940682467,0.029325375940682467,False,0.07932537594068247,713553.3059439873
17605,387656.50373786874,126375.95218911755,0.3259998245110633,0.05,0.04889997367665949,0.04889997367665949,False,0.0988999736766595,349317.2857226077
17606,487325.67517862096,237703.45475626754,0.4877712520875108,0.05,0.07316568781312661,0.07316568781312661,False,0.12316568781312662,427303.8732062498
17607,607490.9736329336,232296.02279574616,0.3823859660112534,0.05,0.05735789490168801,0.05735789490168801,False,0.10735789490168801,542272.021531925
17608,882988.2359161554,177559.16057706764,0.20108893114848686,0.05,0.030163339672273026,0.030163339672273026,False,0.08016333967227303,812204.9500337874
17609,391255.6620235258,100855.36115563806,0.2577735505066601,0.05,0.038666032575999015,0.038666032575999015,False,0.08866603257599902,356564.5747490038
17610,1017561.8826339531,443047.9692839434,0.4354014992553733,0.05,0.065310224888306,0.065310224888306,False,0.115310224888306,900226.5931096639
17611,511059.4283770775,186754.0323284727,0.3654252753374096,0.05,0.05481379130061144,0.05481379130061144,False,0.10481379130061144,457493.35210895276
17612,1788881.9927074986,1144398.338387969,0.6397282453807395,0.05,0.09595923680711092,0.09595923680711092,False,0.14595923680711093,1527778.1423139283
17613,870635.2222141318,281621.4992681735,0.3234666965942126,0.05,0.04852000448913189,0.04852000448913189,False,0.0985200044891319,784860.2362131992
17614,239286.3551474152,80587.45380123972,0.33678248703981833,0.05,0.05051737305597275,0.05051737305597275,False,0.10051737305597275,215233.91931985848
17615,232361.58027056258,77731.51287762533,0.3345282502688891,0.05,0.05017923754033336,0.05017923754033336,False,0.10017923754033337,209083.77432539064
17616,650889.4781978414,168257.2182798999,0.25850351544437966,0.05,0.03877552731665695,0.03877552731665695,False,0.08877552731665694,593106.4215459644
17617,460983.8043092712,155074.34332233493,0.3363986801113223,0.05,0.05045980201669834,0.05045980201669834,False,0.10045980201669835,414673.4625954574
17618,441316.02380671736,210630.9199355177,0.4772791119584805,0.05,0.07159186679377207,0.07159186679377207,False,0.12159186679377207,387655.5846260538
17619,308497.784863939,62009.35964090511,0.20100422979780536,0.05,0.0301506344696708,0.0301506344696708,False,0.0801506344696708,283771.4916746063
17620,650533.4213382599,254910.44309131848,0.3918483428060061,0.05,0.058777251420900914,0.058777251420900914,False,0.10877725142090092,579770.1838076492
17621,882196.5906795547,525938.6049616581,0.59616939185463,0.05,0.0894254087781945,0.0894254087781945,False,0.1394254087781945,759195.9704013283
17622,402088.9716376519,169269.64199792087,0.42097558982657346,0.05,0.06314633847398601,0.06314633847398601,False,0.11314633847398602,356594.0767560812
17623,349306.3974088552,189037.63531417138,0.5411799976079658,0.05,0.08117699964119486,0.08117699964119486,False,0.13117699964119486,303485.43224128673
17624,392107.02113137674,323521.4721877106,0.8250846191282907,0.05,0.1237626928692436,0.1,True,0.15000000000000002,333290.9679616702
17625,624839.2803145825,163406.7922570682,0.2615181173866009,0.05,0.03922771760799013,0.03922771760799013,False,0.08922771760799014,569086.2974602932
17626,372979.1914319205,69260.72873951524,0.185695959266825,0.05,0.02785439389002375,0.02785439389002375,False,0.07785439389002376,343941.1225493972
17627,379431.9476353135,93859.00301805505,0.24736715925741318,0.05,0.03710507388861198,0.03710507388861198,False,0.08710507388861198,346381.4998008396
17628,571279.5549212385,151032.18825815432,0.2643752729414182,0.05,0.03965629094121273,0.03965629094121273,False,0.08965629094121273,520060.74893645337
17629,480565.43364789954,216281.16594801634,0.4500556028473765,0.05,0.06750834042710648,0.06750834042710648,False,0.11750834042710648,424094.9870733021
17630,313981.3788656676,210081.69020445444,0.6690896478110405,0.05,0.10036344717165607,0.1,True,0.15000000000000002,266884.17203581746
17631,942943.668333267,266038.0746652108,0.2821357029051965,0.05,0.04232035543577948,0.04232035543577948,False,0.09232035543577949,855890.773716822
17632,834069.0253941433,429964.25606790534,0.5155020064013571,0.05,0.07732530096020357,0.07732530096020357,False,0.12732530096020356,727870.9357142503
17633,228353.8839570357,121115.01104488113,0.5303829693900397,0.05,0.07955744540850596,0.07955744540850596,False,0.12955744540850594,198768.93810245174
17634,337246.1620561263,95325.0766325114,0.2826572615425254,0.05,0.04239858923137881,0.04239858923137881,False,0.09239858923137881,306085.09245844325
17635,294863.75580562843,208688.88619922556,0.7077468223554455,0.05,0.10616202335331683,0.1,True,0.15000000000000002,250634.19243478417
17636,307537.16660576314,99162.23476800666,0.3224398399141276,0.05,0.04836597598711914,0.04836597598711914,False,0.09836597598711914,277285.973060274
17637,294633.6335022408,185863.4811224371,0.630829138252553,0.05,0.09462437073788295,0.09462437073788295,False,0.14462437073788295,252022.42965876323
17638,226712.46818409918,85967.50823685934,0.37919179710509104,0.05,0.056878769565763654,0.056878769565763654,False,0.10687876956576366,202481.7185393653
17639,658914.9469462248,307915.5327129307,0.46730694779346116,0.05,0.07009604216901917,0.07009604216901917,False,0.12009604216901917,579781.8696919739
17640,708898.9336740334,296874.34548047185,0.4187823276046581,0.05,0.06281734914069871,0.06281734914069871,False,0.11281734914069871,628922.835168261
17641,175791.70547627745,246690.15024625027,1.4033093858318608,0.05,0.2104964078747791,0.1,True,0.15000000000000002,149422.94965483583
17642,304162.37098174414,103966.21963312168,0.3418115768152062,0.05,0.051271736522280925,0.051271736522280925,False,0.10127173652228093,273359.31948768866
17643,320385.2924462459,168199.0656114972,0.524989971690781,0.05,0.07874849575361714,0.07874849575361714,False,0.12874849575361713,279136.167982209
17644,471122.27600798017,150487.0387630486,0.31942246509375316,0.05,0.04791336976406297,0.04791336976406297,False,0.09791336976406298,424993.10639312386
17645,580521.6379387899,132134.9417074048,0.227614154360491,0.05,0.03414212315407365,0.03414212315407365,False,0.08414212315407366,531675.3147857396
17646,609187.2937493279,301839.2874605442,0.495478632856625,0.05,0.07432179492849375,0.07432179492849375,False,0.12432179492849375,533452.0359427799
17647,386780.68834523304,58396.82752698468,0.15098175603550504,0.05,0.022647263405325756,0.022647263405325756,False,0.07264726340532576,358682.1297989237
17648,442138.8614302725,193766.0588574442,0.4382470661606887,0.05,0.06573705992410331,0.06573705992410331,False,0.11573705992410331,390967.00953014224
17649,628609.2283334557,236092.30329204246,0.3755788057995285,0.05,0.05633682086992928,0.05633682086992928,False,0.10633682086992928,561764.9214229767
17650,347374.6661205825,69362.54596402176,0.19967646673446324,0.05,0.029951470010169484,0.029951470010169484,False,0.07995147001016949,319601.5509199501
17651,625932.0607423198,192074.59810937714,0.306861734932682,0.05,0.046029260239902295,0.046029260239902295,False,0.0960292602399023,565824.2679887972
17652,347936.708222432,163712.70799257926,0.4705243917175867,0.05,0.070578658757638,0.070578658757638,False,0.120578658757638,305982.96661242354
17653,465650.3580048034,180632.01844467223,0.38791341043661115,0.05,0.05818701156549167,0.05818701156549167,False,0.10818701156549168,415273.0373378624
17654,410297.21607048996,150866.25647395063,0.36769992718651906,0.05,0.055154989077977855,0.055154989077977855,False,0.10515498907797785,367152.4167958729
17655,364473.18230471294,180677.0891346975,0.4957212160088224,0.05,0.07435818240132336,0.07435818240132336,False,0.12435818240132336,319147.9598192727
17656,240658.3063611186,132023.15763803342,0.548591734207282,0.05,0.0822887601310923,0.0822887601310923,False,0.1322887601310923,208821.91739735767
17657,776904.3965117333,604042.6799552119,0.7774993714378977,0.05,0.11662490571568465,0.1,True,0.15000000000000002,660368.7370349733
17658,518009.3489202961,216355.21715286432,0.4176666262951057,0.05,0.06264999394426585,0.06264999394426585,False,0.11264999394426585,459655.5989013516
17659,420579.31342586706,99982.62181133957,0.23772596183326763,0.05,0.035658894274990145,0.035658894274990145,False,0.08565889427499015,384552.95448287274
17660,1132111.4596965923,698384.2506545236,0.6168864776279994,0.05,0.09253297164419991,0.09253297164419991,False,0.14253297164419992,970748.2491135842
17661,259854.9016591949,297731.9603891537,1.1457623407836859,0.05,0.17186435111755288,0.1,True,0.15000000000000002,220876.66641031567
17662,383442.43157138594,163657.2088021959,0.42681037706628366,0.05,0.06402155655994254,0.06402155655994254,False,0.11402155655994255,339721.72867248725
17663,260981.55449723898,147031.87183903242,0.5633803205834914,0.05,0.08450704808752371,0.08450704808752371,False,0.13450704808752373,225877.69599652218
17664,509716.7723707219,337883.39670419786,0.6628845959545,0.05,0.099432689393175,0.099432689393175,False,0.149432689393175,433548.4242465561
17665,767165.6406846793,155269.73673217488,0.20239401831604434,0.05,0.03035910274740665,0.03035910274740665,False,0.08035910274740665,705516.898140619
17666,416423.64081552,120076.24076044816,0.28835116211291945,0.05,0.04325267431693792,0.04325267431693792,False,0.09325267431693793,377591.0226606768
17667,563197.3828214941,126627.11874215584,0.22483612780262227,0.05,0.03372541917039334,0.03372541917039334,False,0.08372541917039333,516043.44586909603
17668,488357.8930734572,182275.56483527558,0.37324177088268806,0.05,0.055986265632403207,0.055986265632403207,False,0.10598626563240321,436598.663694493
17669,410983.575089574,198759.92332934728,0.4836201137381889,0.05,0.07254301706072834,0.07254301706072834,False,0.12254301706072834,360620.40783569316
17670,708224.8835065843,270186.53783000715,0.38149822764240005,0.05,0.05722473414636001,0.05722473414636001,False,0.10722473414636001,632285.6586567541
17671,546628.7521552048,78558.3051906394,0.14371418422632526,0.05,0.021557127633948788,0.021557127633948788,False,0.0715571276339488,507513.5687688486
17672,478095.987330292,233401.0279283817,0.48818863599274864,0.05,0.07322829539891229,0.07322829539891229,False,0.1232282953989123,419181.03377452015
17673,357192.84429124906,211204.66985519422,0.5912903162275599,0.05,0.08869354743413398,0.08869354743413398,False,0.13869354743413398,307652.50159840746
17674,294066.01770321914,162814.6520287894,0.5536670074986603,0.05,0.08305005112479903,0.08305005112479903,False,0.13305005112479903,254940.51901373977
17675,308926.02200117736,184798.96090115444,0.5981981048538868,0.05,0.08972971572808301,0.08972971572808301,False,0.13972971572808301,265759.87676594534
17676,186476.19425749412,119876.57971462433,0.6428519210827187,0.05,0.09642778816240781,0.09642778816240781,False,0.1464277881624078,159170.89758742574
17677,387458.9811663369,90539.448104602,0.23367492432891426,0.05,0.03505123864933714,0.03505123864933714,False,0.08505123864933714,354505.1148923298
17678,1170251.0931335913,648238.2697350805,0.5539309243448663,0.05,0.08308963865172996,0.08308963865172996,False,0.13308963865172996,1014502.7980166497
17679,216414.467026579,68693.24114904646,0.3174151991447498,0.05,0.047612279871712467,0.047612279871712467,False,0.09761227987171248,195289.75750289307
17680,307228.93880330917,77343.60101946484,0.2517458196507359,0.05,0.03776187294761038,0.03776187294761038,False,0.08776187294761038,280265.951710224
17681,581790.388136019,455773.9439281405,0.7833988893979172,0.05,0.11750983340968758,0.1,True,0.15000000000000002,494521.82991561614
17682,355901.37121085875,100500.97167059849,0.2823843339762107,0.05,0.0423576500964316,0.0423576500964316,False,0.0923576500964316,323031.156899726
17683,635145.4741760335,163045.2271498479,0.2567053278012639,0.05,0.038505799170189585,0.038505799170189585,False,0.08850579917018958,578931.4163947547
17684,364591.07666654064,126897.66081240989,0.34805476308591066,0.05,0.0522082144628866,0.0522082144628866,False,0.10220821446288661,327326.8737113521
17685,565964.7188657344,208018.2924181634,0.3675463955333799,0.05,0.05513195933000699,0.05513195933000699,False,0.10513195933000699,506463.7390597232
17686,538035.7862962317,128011.82040311431,0.23792436054176067,0.05,0.0356886540812641,0.0356886540812641,False,0.08568865408126411,491932.22392095294
17687,291789.18027820345,117255.41757060419,0.40184977886708545,0.05,0.06027746683006281,0.06027746683006281,False,0.11027746683006281,259611.40862870266
17688,505604.69911323197,206717.96967840608,0.40885294389265725,0.05,0.061327941583898586,0.061327941583898586,False,0.11132794158389858,449316.76870580943
17689,311158.739233067,70949.816131672,0.22801807304704533,0.05,0.0342027109570568,0.0342027109570568,False,0.08420271095705681,284958.32985166286
17690,267038.4903716889,74827.04611767543,0.2802107142439437,0.05,0.042031607136591556,0.042031607136591556,False,0.09203160713659156,242462.50893545317
17691,189237.92475086846,229182.06180261483,1.211078921438886,0.05,0.1816618382158329,0.1,True,0.15000000000000002,160852.2360382382
17692,886314.5186717613,420212.30677104497,0.47411195226811675,0.05,0.0711167928402175,0.0711167928402175,False,0.12111679284021751,778966.9467225164
17693,256461.75330237483,154331.0229408341,0.6017701312322933,0.05,0.09026551968484399,0.09026551968484399,False,0.140265519684844,220489.01219613096
17694,367297.6032621961,68822.48753796576,0.18737526988118322,0.05,0.02810629048217748,0.02810629048217748,False,0.07810629048217749,338609.34996839147
17695,258141.90155022193,66331.37977025888,0.25695704328479196,0.05,0.038543556492718796,0.038543556492718796,False,0.0885435564927188,235285.09950717198
17696,769519.7926389123,245918.49234191177,0.31957396638049307,0.05,0.04793609495707396,0.04793609495707396,False,0.09793609495707396,694156.0291556799
17697,315856.3522521316,178295.07908178482,0.5644815366558187,0.05,0.0846722304983728,0.0846722304983728,False,0.1346722304983728,273319.2727772573
17698,1280483.2263548214,633112.42152567,0.49443242089782347,0.05,0.07416486313467352,0.07416486313467352,False,0.12416486313467352,1121492.2018082298
17699,1575067.0152682161,1003319.6463182895,0.6370012428629492,0.05,0.09555018642944238,0.09555018642944238,False,0.1455501864294424,1345815.717557062
17700,477552.64111655916,205316.34813793818,0.4299344835741896,0.05,0.06449017253612845,0.06449017253612845,False,0.11449017253612845,422877.55684004043
17701,561499.8799926002,152236.98130079533,0.2711255811894414,0.05,0.04066883717841621,0.04066883717841621,False,0.09066883717841621,510589.3387978509
17702,424878.2689270551,242889.9700704771,0.5716695529847808,0.05,0.08575043294771713,0.08575043294771713,False,0.13575043294771713,367200.8599701308
17703,687748.3168848325,285732.6684336931,0.41546109444211227,0.05,0.06231916416631684,0.06231916416631684,False,0.11231916416631685,610501.0007755369
17704,269745.9064789247,97726.3520301783,0.36229039878984665,0.05,0.054343559818476994,0.054343559818476994,False,0.104343559818477,241599.6583504517
17705,711054.7650937829,307072.0814370953,0.43185433318430083,0.05,0.06477814997764512,0.06477814997764512,False,0.11477814997764513,629441.2146235295
17706,431569.8442489574,154012.05761540832,0.3568647338727499,0.05,0.053529710080912486,0.053529710080912486,False,0.1035297100809125,386889.5433941983
17707,769353.758048613,386414.5910314515,0.5022586644816717,0.05,0.07533879967225075,0.07533879967225075,False,0.12533879967225076,672923.8814914646
17708,399690.1208531511,122727.57010575157,0.3070568015135969,0.05,0.04605852022703953,0.04605852022703953,False,0.09605852022703953,361296.4792946308
17709,236861.09496090797,188036.9133683485,0.7938699827398099,0.05,0.11908049741097149,0.1,True,0.15000000000000002,201331.93071677178
17710,198992.41426480835,109711.78717584902,0.5513365299938042,0.05,0.08270047949907063,0.08270047949907063,False,0.13270047949907063,172586.02547519057
17711,544495.8774795083,131951.07446101215,0.24233622313509257,0.05,0.036350433470263885,0.036350433470263885,False,0.08635043347026389,497478.4224363811
17712,680511.7962050139,303377.3267854754,0.44580759433900935,0.05,0.0668711391508514,0.0668711391508514,False,0.1168711391508514,600979.6073769418
17713,287881.6418557867,72987.96562050038,0.2535346302389906,0.05,0.038030194535848584,0.038030194535848584,False,0.0880301945358486,262539.36491992226
17714,379394.4936651937,321427.35078955075,0.8472114280952177,0.05,0.12708171421428263,0.1,True,0.15000000000000002,322485.3196154146
17715,479130.6089504904,387692.2996174061,0.8091578629606341,0.05,0.1213736794440951,0.1,True,0.15000000000000002,407261.01760791685
17716,315334.58343148837,158464.887534756,0.5025293636058955,0.05,0.07537940454088432,0.07537940454088432,False,0.1253794045408843,275798.12112970056
17717,313662.5935215495,261601.33372011356,0.834021458482077,0.05,0.12510321877231154,0.1,True,0.15000000000000002,266613.20449331705
17718,289115.24917893537,108714.49940948031,0.3760247849887578,0.05,0.05640371774831367,0.05640371774831367,False,0.10640371774831367,258352.31180856653
17719,294946.0503894019,112718.3898927357,0.38216612747965084,0.05,0.05732491912194762,0.05732491912194762,False,0.10732491912194762,263290.98938602145
17720,290909.10386948404,230602.06582795593,0.7926945659679844,0.05,0.11890418489519765,0.1,True,0.15000000000000002,247272.73828906144
17721,868678.7205807262,214896.81450147985,0.24738353710082567,0.05,0.03710753056512385,0.03710753056512385,False,0.08710753056512385,793010.2623764678
17722,559703.2635515509,369658.7467184309,0.6604548709842994,0.05,0.09906823064764492,0.09906823064764492,False,0.1490682306476449,476269.2883662087
17723,875102.7917295787,605000.8557177305,0.691348332373605,0.05,0.10370224985604075,0.1,True,0.15000000000000002,743837.3729701419
17724,195273.58192676934,218076.33267736307,1.116773352163659,0.05,0.16751600282454884,0.1,True,0.15000000000000002,165982.54463775395
17725,370001.5276556478,74073.01547775371,0.2001965125578936,0.05,0.030029476883684042,0.030029476883684042,False,0.08002947688368404,340390.4989512023
17726,649797.1860638872,165830.57651500276,0.2552035928618172,0.05,0.03828053892927258,0.03828053892927258,False,0.08828053892927258,592432.7402834424
17727,642596.1004326865,212731.51463271887,0.33105011762361763,0.05,0.04965751764354264,0.04965751764354264,False,0.09965751764354264,578556.5682161443
17728,515334.5697547457,238119.7909661674,0.46206834344432135,0.05,0.0693102515166482,0.0693102515166482,False,0.1193102515166482,453849.8726220833
17729,274331.54777581047,38864.73765881825,0.1416706826973445,0.05,0.021250602404601675,0.021250602404601675,False,0.07125060240460168,254785.2597381972
17730,1094525.8903838932,512528.23239688226,0.4682650606073087,0.05,0.07023975909109631,0.07023975909109631,False,0.12023975909109631,962920.3610051662
17731,360108.6379310434,135961.14515019913,0.37755591182523673,0.05,0.05663338677378551,0.05663338677378551,False,0.1066333867737855,321709.03426196135
17732,268635.6051000872,87003.84089061947,0.32387308025756273,0.05,0.04858096203863441,0.04858096203863441,False,0.09858096203863441,242153.2487114899
17733,454394.05821020383,156413.94915210013,0.344225339935547,0.05,0.051633800990332046,0.051633800990332046,False,0.10163380099033205,408212.26292687864
17734,314674.6314021328,54663.55955281807,0.1737145422535246,0.05,0.026057181338028687,0.026057181338028687,False,0.07605718133802869,290741.36589910346
17735,699520.5966084765,245001.21608941606,0.35024160443204777,0.05,0.052536240664807166,0.052536240664807166,False,0.10253624066480717,627794.3843646402
17736,463777.4768067659,152583.8314201883,0.32900224579850124,0.05,0.049350336869775184,0.049350336869775184,False,0.09935033686977518,417701.0282533993
17737,1246541.600533781,602356.1818841372,0.4832218849545033,0.05,0.07248328274317549,0.07248328274317549,False,0.12248328274317549,1093861.0932244714
17738,719762.5543935124,468923.1110525221,0.6514969529745083,0.05,0.09772454294617623,0.09772454294617623,False,0.14772454294617623,613435.9600159585
17739,413122.1178671019,295179.44279684144,0.7145089309689255,0.05,0.10717633964533883,0.1,True,0.15000000000000002,351153.8001870366
17740,851103.5117084873,216569.71759641985,0.2544575537723753,0.05,0.03816863306585629,0.03816863306585629,False,0.08816863306585629,776062.8784836
17741,340288.43031185534,156938.84890600256,0.46119360791131475,0.05,0.06917904118669721,0.06917904118669721,False,0.11917904118669721,299733.18146036216
17742,1214518.4297849005,594023.4937758524,0.4891020829392091,0.05,0.07336531244088136,0.07336531244088136,False,0.12336531244088136,1064688.9842292776
17743,316786.72774877,66407.64554072818,0.20962887559289808,0.05,0.03144433133893471,0.03144433133893471,False,0.08144433133893472,290986.24453022226
17744,359763.27177466743,147532.75276147667,0.4100828637501432,0.05,0.061512429562521474,0.061512429562521474,False,0.11151242956252147,319645.19527171255
17745,451264.1215180305,155629.3021862636,0.34487408762463595,0.05,0.05173111314369539,0.05173111314369539,False,0.1017311131436954,405356.52011418936
17746,280196.5287792365,123602.98036870919,0.44112959181623024,0.05,0.06616943877243453,0.06616943877243453,False,0.11616943877243453,247646.25528496827
17747,934188.4550766847,194706.38608885813,0.20842302752807546,0.05,0.03126345412921132,0.03126345412921132,False,0.08126345412921132,858273.0744095218
17748,314837.02596765244,228337.93905937788,0.7252575784489789,0.05,0.10878863676734683,0.1,True,0.15000000000000002,267611.4720725046
17749,310362.87104128633,240977.38208061276,0.7764375334978665,0.05,0.11646563002467997,0.1,True,0.15000000000000002,263808.4403850934
17750,218365.54177553457,89811.75484612395,0.41129087545527,0.05,0.0616936313182905,0.0616936313182905,False,0.11169363131829049,193975.50145983926
17751,1736177.508168574,1432384.410261015,0.8250218675923187,0.05,0.12375328013884779,0.1,True,0.15000000000000002,1475750.8819432878
17752,628439.333876878,265141.0459388262,0.42190396374962086,0.05,0.06328559456244312,0.06328559456244312,False,0.11328559456244312,557246.2102922102
17753,511618.9529297113,269731.14684279944,0.5272110137793438,0.05,0.07908165206690156,0.07908165206690156,False,0.12908165206690156,445578.33325680584
17754,526605.523584622,295115.17849245213,0.560410336153698,0.05,0.08406155042305469,0.08406155042305469,False,0.13406155042305468,456007.97063152306
17755,531513.0954824392,160507.82325651095,0.30198281965343227,0.05,0.04529742294801484,0.04529742294801484,False,0.09529742294801484,480861.26721984055
17756,415873.3077645547,113649.38865770755,0.27327887252155597,0.05,0.040991830878233396,0.040991830878233396,False,0.0909918308782334,378032.23407767084
17757,1357168.7819258557,518104.22513382917,0.3817537155538065,0.05,0.05726305733307097,0.05726305733307097,False,0.10726305733307098,1211594.7090594885
17758,170244.23511005804,171307.15605149278,1.0062435062235593,0.05,0.15093652593353388,0.1,True,0.15000000000000002,144707.59984354934
17759,232554.72731717033,121539.35539673024,0.5226268964679807,0.05,0.07839403447019709,0.07839403447019709,False,0.1283940344701971,202696.0876418023
17760,592084.510445392,117211.57954123942,0.19796427279117254,0.05,0.02969464091867588,0.02969464091867588,False,0.07969464091867588,544898.5479919364
17761,332543.75541182456,195285.35655307173,0.5872471016971254,0.05,0.0880870652545688,0.0880870652545688,False,0.13808706525456882,286623.7641582726
17762,455629.36695060064,254101.8051106932,0.5576940898505406,0.05,0.08365411347758109,0.08365411347758109,False,0.1336541134775811,394732.62783646665
17763,928236.4494350499,301806.65257417154,0.3251398420713379,0.05,0.04877097631070068,0.04877097631070068,False,0.09877097631070068,836553.6290771717
17764,356101.6994142391,109296.33523955551,0.3069244977469635,0.05,0.046038674662044525,0.046038674662044525,False,0.09603867466204452,321902.1641575938
17765,1943067.756898244,912818.2266154846,0.4697819843774433,0.05,0.0704672976566165,0.0704672976566165,False,0.1204672976566165,1708991.635061009
17766,402245.4189956288,204551.70651472232,0.5085246390759895,0.05,0.07627869586139843,0.07627869586139843,False,0.12627869586139845,351450.392068639
17767,271512.995154771,155157.26406710324,0.5714542833526575,0.05,0.08571814250289862,0.08571814250289862,False,0.13571814250289863,234663.755786967
17768,254762.4486996096,127170.13842761511,0.49917144020530835,0.05,0.07487571603079625,0.07487571603079625,False,0.12487571603079625,222948.80550048687
17769,500420.18459715124,177461.73041019455,0.3546254445212976,0.05,0.05319381667819464,0.05319381667819464,False,0.10319381667819463,448779.9158057645
17770,552037.9822782751,87591.24223873357,0.15866886890145174,0.05,0.02380033033521776,0.02380033033521776,False,0.07380033033521777,511297.3968285513
17771,358479.4805395462,76713.35564668034,0.21399650415476876,0.05,0.032099475623215315,0.032099475623215315,False,0.08209947562321532,329048.5031655668
17772,813529.6438432748,346865.5230081879,0.42637109247737626,0.05,0.06395566387160644,0.06395566387160644,False,0.11395566387160644,720823.3331998829
17773,288669.9314739984,425271.0044920605,1.473208526847786,0.05,0.22098127902716788,0.1,True,0.15000000000000002,245369.44175289865
17774,619445.6177055701,200744.9842187406,0.32407200645361106,0.05,0.048610800968041656,0.048610800968041656,False,0.09861080096804166,558361.5891874805
17775,405248.3505574731,112382.2252394571,0.2773169220426447,0.05,0.0415975383063967,0.0415975383063967,False,0.0915975383063967,368128.59924368083
17776,198274.79870877287,76076.96165481693,0.3836945600260535,0.05,0.05755418400390802,0.05755418400390802,False,0.10755418400390802,176949.51452511168
17777,485901.91615604813,90197.20682729932,0.18562842382027642,0.05,0.027844263573041463,0.027844263573041463,False,0.07784426357304147,448077.23932415084
17778,340100.8090317977,194025.83048263506,0.5704950571419977,0.05,0.08557425857129965,0.08557425857129965,False,0.13557425857129965,293991.89400781255
17779,252856.6581294418,186914.48029247424,0.7392112261358347,0.05,0.1108816839203752,0.1,True,0.15000000000000002,214928.15941002555
17780,589970.2332651338,120448.30140245112,0.20415996369145867,0.05,0.030623994553718798,0.030623994553718798,False,0.0806239945537188,542404.4763915094
17781,285005.30873542425,76487.80960971321,0.2683732803051689,0.05,0.04025599204577533,0.04025599204577533,False,0.09025599204577534,259281.87185719606
17782,334814.1180673034,211630.41560854012,0.6320833088824491,0.05,0.09481249633236737,0.09481249633236737,False,0.14481249633236737,286328.8498226572
17783,459441.07681778376,169064.0297366883,0.3679776107693126,0.05,0.05519664161539689,0.05519664161539689,False,0.1051966416153969,411109.4185163913
17784,435094.1874981197,295030.5385057426,0.6780843021650745,0.05,0.10171264532476118,0.1,True,0.15000000000000002,369830.05937340175
17785,464884.0826786021,169834.03163171373,0.36532554664627787,0.05,0.05479883199694168,0.05479883199694168,False,0.10479883199694168,416164.77379991487
17786,352687.0572950787,113462.53482702433,0.32170881374899707,0.05,0.04825632206234956,0.04825632206234956,False,0.09825632206234956,318033.3242062711
17787,591656.8136086827,211913.06189399707,0.3581688861174085,0.05,0.05372533291761127,0.05372533291761127,False,0.10372533291761127,530287.013644149
17788,743861.5368869167,378384.85448560165,0.5086764615753004,0.05,0.07630146923629506,0.07630146923629506,False,0.12630146923629507,649910.7318697306
17789,464990.1850061971,252908.04725048068,0.5438997540283782,0.05,0.08158496310425672,0.08158496310425672,False,0.1315849631042567,403804.46866831515
17790,311367.5396644237,67697.29745319631,0.21741925162191622,0.05,0.03261288774328743,0.03261288774328743,False,0.08261288774328743,285644.56806322304
17791,936671.2529066228,287142.5794895793,0.3065564130408993,0.05,0.0459834619561349,0.0459834619561349,False,0.0959834619561349,846766.3033378548
17792,633326.557408182,294414.9285283147,0.46487065019533497,0.05,0.06973059752930025,0.06973059752930025,False,0.11973059752930025,557497.9902585256
17793,201775.82244365255,123584.9276327414,0.6124863035424051,0.05,0.09187294553136076,0.09187294553136076,False,0.14187294553136076,173149.29217655872
17794,263997.8932312827,166110.61025118886,0.6292118782389791,0.05,0.09438178173584685,0.09438178173584685,False,0.14438178173584687,225881.40703204027
17795,180872.4535884306,226306.62035326418,1.2511945067556698,0.05,0.18767917601335046,0.1,True,0.15000000000000002,153741.585550166
17796,1536345.6504102428,1036789.1780745024,0.6748410930819205,0.05,0.10122616396228808,0.1,True,0.15000000000000002,1305893.8028487065
17797,323762.2812644847,397025.4837540344,1.2262870220811801,0.05,0.183943053312177,0.1,True,0.15000000000000002,275197.939074812
17798,577475.0368557144,167853.87196920102,0.29066861986475845,0.05,0.04360029297971377,0.04360029297971377,False,0.09360029297971377,523423.20421754854
17799,360652.84088653314,230166.5581141613,0.6381942189846085,0.05,0.09572913284769127,0.09572913284769127,False,0.1457291328476913,308095.2151250823
17800,722613.9532808593,131287.58283485193,0.18168426203060628,0.05,0.02725263930459094,0.02725263930459094,False,0.07725263930459095,666790.1181915886
17801,326855.4020934372,213816.70479455887,0.6541629828514681,0.05,0.09812444742772021,0.09812444742772021,False,0.1481244474277202,278440.1262695815
17802,806067.9425890937,363407.77875720523,0.45084013338867923,0.05,0.06762602000830188,0.06762602000830188,False,0.11762602000830188,711253.3786460583
17803,501856.9257828902,174798.52935948846,0.3483035111786194,0.05,0.05224552667679291,0.05224552667679291,False,0.1022455266767929,450544.30008982244
17804,667397.1203646266,328392.65529468283,0.4920498534894312,0.05,0.07380747802341468,0.07380747802341468,False,0.12380747802341469,584768.3660521929
17805,573704.6556244977,188758.25858529087,0.3290164315989747,0.05,0.049352464739846204,0.049352464739846204,False,0.09935246473984621,516705.6840554791
17806,266485.9431581327,234097.174436773,0.878459747866925,0.05,0.13176896218003875,0.1,True,0.15000000000000002,226513.0516844128
17807,301972.6831953972,351875.8373208776,1.1652571802105345,0.05,0.17478857703158016,0.1,True,0.15000000000000002,256676.7807160876
17808,620513.6021475691,99468.96026606788,0.16030101503304742,0.05,0.02404515225495711,0.02404515225495711,False,0.07404515225495711,574567.5780002804
17809,250948.95926115813,81624.34279961133,0.32526272689047625,0.05,0.048789409033571436,0.048789409033571436,False,0.09878940903357145,226157.85987815852
17810,542966.7770110316,314104.96955754724,0.5784975855919919,0.05,0.08677463783879878,0.08677463783879878,False,0.13677463783879878,468702.69272684795
17811,312633.8977337579,295886.38374642853,0.946430908136546,0.05,0.1419646362204819,0.1,True,0.15000000000000002,265738.81307369424
17812,211768.38419720437,88856.2022236345,0.41959144449479874,0.05,0.06293871667421981,0.06293871667421981,False,0.11293871667421981,187851.53465379897
17813,434071.8955404575,109172.27975504339,0.2515073675044415,0.05,0.03772610512566623,0.03772610512566623,False,0.08772610512566623,395992.45880017814
17814,189450.85051190812,103318.77275163705,0.5453592447458706,0.05,0.08180388671188059,0.08180388671188059,False,0.1318038867118806,164480.49207356715
17815,225432.04205735063,59243.64806178311,0.26280047645893806,0.05,0.03942007146884071,0.03942007146884071,False,0.0894200714688407,205273.89274521565
17816,872737.2306876502,148090.3386037564,0.16968491018433182,0.05,0.02545273652764977,0.02545273652764977,False,0.07545273652764978,806886.8183627041
17817,286577.12879015354,161201.19611372135,0.5625054476408029,0.05,0.08437581714612043,0.08437581714612043,False,0.13437581714612043,248068.09293358764
17818,244278.15857170668,107715.60244011047,0.4409547012713831,0.05,0.06614320519070746,0.06614320519070746,False,0.11614320519070746,215906.9102771048
17819,504636.2756502137,93893.05260730238,0.1860608464707042,0.05,0.02790912697060563,0.02790912697060563,False,0.07790912697060563,465320.5039766077
17820,738331.8597404627,529433.4653646606,0.7170670727263025,0.05,0.10756006090894538,0.1,True,0.15000000000000002,627582.0807793933
17821,316182.3452596814,143491.81179000696,0.45382613527063553,0.05,0.06807392029059532,0.06807392029059532,False,0.11807392029059532,278849.4562281963
17822,551166.8303220265,491295.6705910966,0.8913737974835144,0.05,0.13370606962252715,0.1,True,0.15000000000000002,468491.80577372253
17823,586093.0167753488,163224.9623884646,0.2784966851960108,0.05,0.04177450277940162,0.04177450277940162,False,0.09177450277940162,532304.6215783117
17824,261767.6115801238,53294.706902237696,0.2035954967099696,0.05,0.03053932450649544,0.03053932450649544,False,0.08053932450649544,240685.02496578195
17825,651272.1650149504,238829.7283849715,0.366712629856504,0.05,0.0550068944784756,0.0550068944784756,False,0.10500689447847561,582884.0975064571
17826,289253.8398427643,145636.10597161556,0.503488928792724,0.05,0.0755233393189086,0.0755233393189086,False,0.1255233393189086,252945.73195488375
17827,528868.1446834371,274468.334044175,0.5189730877220118,0.05,0.07784596315830176,0.07784596315830176,False,0.12784596315830177,461254.48734263895
17828,516871.23918093706,203434.10986515775,0.3935875986977545,0.05,0.05903813980466317,0.05903813980466317,False,0.10903813980466318,460512.56074211653
17829,603025.1284073191,382098.6100931382,0.6336362982125117,0.05,0.09504544473187675,0.09504544473187675,False,0.14504544473187675,515559.0804729824
17830,275977.61020250845,51143.19155000654,0.1853164519849215,0.05,0.027797467797738225,0.027797467797738225,False,0.07779746779773823,254507.25095988205
17831,393275.30160948494,74707.84147339244,0.18996321703307964,0.05,0.028494482554961946,0.028494482554961946,False,0.07849448255496194,362405.3603080018
17832,207451.53648783587,114348.52088499285,0.5512059482466055,0.05,0.08268089223699082,0.08268089223699082,False,0.1326808922369908,179926.68153069515
17833,477834.7110357885,65520.26841808873,0.13711910605251412,0.05,0.02056786590787712,0.02056786590787712,False,0.07056786590787711,444114.9352212858
17834,469425.1143048121,645536.7814728348,1.3751645615059018,0.05,0.20627468422588527,0.1,True,0.15000000000000002,399011.3471590903
17835,371420.79437795584,177807.81009752155,0.4787233584896845,0.05,0.07180850377345267,0.07180850377345267,False,0.12180850377345268,326178.58314442984
17836,367296.7038962237,186230.69212367543,0.507030665258279,0.05,0.07605459978874185,0.07605459978874185,False,0.12605459978874184,320997.2648828612
17837,552328.0193329242,105032.43342970964,0.19016314536525392,0.05,0.028524471804788086,0.028524471804788086,False,0.07852447180478808,508956.7533518215
17838,578539.4340496435,252908.5377862025,0.4371500418146101,0.05,0.06557250627219151,0.06557250627219151,False,0.11557250627219151,511676.18167923094
17839,784799.4167890353,423457.2232157199,0.5395738250523585,0.05,0.08093607375785378,0.08093607375785378,False,0.13093607375785377,682040.8624672255
17840,365499.56188553595,146526.95045678678,0.4008950098349909,0.05,0.06013425147524863,0.06013425147524863,False,0.11013425147524863,325245.5412227411
17841,690250.5713643171,170430.5724590494,0.24691116462560006,0.05,0.037036674693840005,0.037036674693840005,False,0.08703667469384001,630173.4569272439
17842,496751.72474273824,175009.71136663883,0.35230821082156133,0.05,0.0528462316232342,0.0528462316232342,False,0.1028462316232342,445662.68180060555
17843,344602.10679879884,89404.65553297033,0.2594431483994687,0.05,0.0389164722599203,0.0389164722599203,False,0.0889164722599203,313961.30312891334
17844,409030.9327103859,158020.08500018402,0.38632795801795766,0.05,0.05794919370269365,0.05794919370269365,False,0.10794919370269365,364876.373324839
17845,829763.4812179325,165284.83143217617,0.19919511423854175,0.05,0.029879267135781262,0.029879267135781262,False,0.07987926713578127,763482.5824422095
17846,515942.3148751333,245416.01521780482,0.4756656086198311,0.05,0.07134984129297466,0.07134984129297466,False,0.12134984129297466,453332.7968487059
17847,492529.4150828135,149098.13687003189,0.3027192535190262,0.05,0.04540788802785393,0.04540788802785393,False,0.09540788802785394,445538.223798168
17848,335282.1652682893,126599.37674740909,0.3775905486833921,0.05,0.05663858230250881,0.05663858230250881,False,0.1066385823025088,299528.15049276344
17849,444813.9200739182,340320.535411932,0.765085173942799,0.05,0.11476277609141984,0.1,True,0.15000000000000002,378091.83206283045
17850,210673.01517968255,221403.372046981,1.0509337033893333,0.05,0.1576400555084,0.1,True,0.15000000000000002,179072.06290273016
17851,394882.6854533822,124320.05768415105,0.31482782675420096,0.05,0.047224174013130144,0.047224174013130144,False,0.09722417401313015,356490.5425280905
17852,362622.60511022987,163368.72360070702,0.4505199656569845,0.05,0.06757799484854767,0.06757799484854767,False,0.11757799484854767,319986.1663146123
17853,291570.0571541899,175972.94301520596,0.6035357153363209,0.05,0.09053035730044813,0.09053035730044813,False,0.14053035730044813,250595.61284419952
17854,858930.5506148438,190373.32193305145,0.2216399472539165,0.05,0.03324599208808748,0.03324599208808748,False,0.08324599208808747,787428.024794144
17855,439769.7972351815,51201.531983214954,0.11642803190468588,0.05,0.017464204785702882,0.017464204785702882,False,0.06746420478570289,410101.0775759402
17856,487035.8369717718,186395.37057394692,0.382713871186342,0.05,0.05740708067795129,0.05740708067795129,False,0.1074070806779513,434724.73953709117
17857,476119.0879763833,114576.20078904054,0.2406460981768574,0.05,0.03609691472652861,0.03609691472652861,False,0.08609691472652861,435126.7034592081
17858,363454.0144119212,209810.45635591523,0.5772682321184275,0.05,0.08659023481776412,0.08659023481776412,False,0.1365902348177641,313809.7452379379
17859,332155.3055188003,111618.94484181993,0.3360444436300061,0.05,0.05040666654450091,0.05040666654450091,False,0.10040666654450092,298804.69851658726
17860,539605.6199515142,306545.94752523454,0.5680925775991343,0.05,0.08521388663987015,0.08521388663987015,False,0.13521388663987016,466643.44682515325
17861,489314.21817431774,217783.77353981155,0.445079593951685,0.05,0.06676193909275274,0.06676193909275274,False,0.11676193909275275,432180.9412346301
17862,948753.4352302372,623527.2103129074,0.6572068012186896,0.05,0.09858102018280343,0.09858102018280343,False,0.14858102018280345,807786.6819217892
17863,1830652.7219226968,1358654.7773626249,0.7421695885255931,0.05,0.11132543827883896,0.1,True,0.15000000000000002,1556054.8136342922
17864,276057.4138180364,135894.04807091688,0.49226733740428225,0.05,0.07384010061064233,0.07384010061064233,False,0.12384010061064234,241870.43591649702
17865,487083.46455269516,182676.09754220804,0.3750406466989503,0.05,0.05625609700484255,0.05625609700484255,False,0.10625609700484255,435327.8766937292
17866,842251.3911303375,301749.536749371,0.3582654061804637,0.05,0.05373981092706955,0.05373981092706955,False,0.10373981092706955,754876.391061415
17867,240638.78760077586,78044.84215827237,0.3243236177193104,0.05,0.04864854265789656,0.04864854265789656,False,0.09864854265789656,216900.12189699622
17868,360336.95770979574,98567.31524444703,0.2735420642692724,0.05,0.04103130964039086,0.04103130964039086,False,0.09103130964039086,327535.0125376389
17869,398906.6761210077,78075.18517396029,0.19572293432932245,0.05,0.029358440149398365,0.029358440149398365,False,0.07935844014939837,367250.06453886325
17870,685781.7422042713,371613.93970331585,0.5418836881087811,0.05,0.08128255321631715,0.08128255321631715,False,0.13128255321631715,595750.5641385603
17871,440288.2312199388,156234.69407922955,0.3548464006097521,0.05,0.05322696009146281,0.05322696009146281,False,0.10322696009146282,394838.6155470574
17872,274427.0593322429,273451.65550143673,0.9964456718182982,0.05,0.14946685077274474,0.1,True,0.15000000000000002,233263.00043240644
17873,616260.7517732414,164975.83023837977,0.2677045873255353,0.05,0.04015568809883029,0.04015568809883029,False,0.09015568809883029,560701.3396488223
17874,502117.81573048275,225730.9622534921,0.4495577635003807,0.05,0.0674336645250571,0.0674336645250571,False,0.1174336645250571,443152.2806059348
17875,387761.4436792403,126483.20717070921,0.326188199555336,0.05,0.0489282299333004,0.0489282299333004,False,0.0989282299333004,349400.8904196719
17876,393465.7870738226,251125.09681978365,0.6382387111402579,0.05,0.09573580667103868,0.09573580667103868,False,0.1457358066710387,336123.7331971639
17877,916935.7164261555,517733.949691406,0.5646349470487675,0.05,0.08469524205731511,0.08469524205731511,False,0.13469524205731512,793428.8381511369
17878,619894.8163192985,396161.07874938054,0.6390779021215818,0.05,0.09586168531823726,0.09586168531823726,False,0.14586168531823726,529475.9136909264
17879,364118.05670388916,120372.66626297322,0.33058691829958764,0.05,0.04958803774493815,0.04958803774493815,False,0.09958803774493816,327856.2539292487
17880,321186.68493735755,114092.35986233037,0.3552213252071215,0.05,0.05328319878106823,0.05328319878106823,False,0.10328319878106823,288013.4967111401
17881,597183.7331999232,208074.95558964054,0.3484270317858472,0.05,0.05226405476787708,0.05226405476787708,False,0.10226405476787709,536113.303201481
17882,242884.5543122777,179338.26146722434,0.7383683247171344,0.05,0.11075524870757016,0.1,True,0.15000000000000002,206451.87116543605
17883,359166.0017753914,163934.60945439112,0.45643131210651033,0.05,0.06846469681597654,0.06846469681597654,False,0.11846469681597654,316617.5102684632
17884,514071.29286480526,119379.53347926517,0.23222369180350358,0.05,0.034833553770525535,0.034833553770525535,False,0.08483355377052554,470460.7981996752
17885,253520.6603871304,84017.61255829028,0.33140341473548524,0.05,0.049710512210322785,0.049710512210322785,False,0.09971051221032279,228241.98548403033
17886,463061.53184788075,186853.1051579336,0.4035167948680226,0.05,0.060527519230203386,0.060527519230203386,False,0.11052751923020339,411880.4894817966
17887,276519.34311828634,65368.969701572554,0.23639926583222698,0.05,0.03545988987483405,0.03545988987483405,False,0.08545988987483405,252888.03050713617
17888,177061.66785928863,243616.90770862973,1.3758873428337561,0.05,0.20638310142506341,0.1,True,0.15000000000000002,150502.41768039533
17889,232672.6034904036,96638.57135514347,0.4153414278494084,0.05,0.06230121417741126,0.06230121417741126,False,0.11230121417741126,206543.1876126119
17890,1046019.105030824,600300.6877882712,0.5738907491279346,0.05,0.08608361236919018,0.08608361236919018,False,0.1360836123691902,903673.0466110421
17891,675094.8019324242,181854.0153212105,0.26937552296457135,0.05,0.0404063284446857,0.0404063284446857,False,0.09040632844468571,614061.9595376215
17892,365982.622576192,87861.1591157976,0.24006921010984955,0.05,0.03601038151647743,0.03601038151647743,False,0.08601038151647744,334504.3175800128
17893,422463.08399315656,56804.07077512232,0.13445925319250496,0.05,0.020168887978875744,0.020168887978875744,False,0.07016888797887574,392819.31917723035
17894,210729.3550935022,119314.10440709203,0.566195935797134,0.05,0.0849293903695701,0.0849293903695701,False,0.1349293903695701,182295.7716777633
17895,374152.0776582075,257719.41352434474,0.6888092540803009,0.05,0.10332138811204514,0.1,True,0.15000000000000002,318029.2660094764
17896,220854.2962588031,110270.7228773123,0.49929172646971764,0.05,0.07489375897045765,0.07489375897045765,False,0.12489375897045765,193270.9730142661
17897,232644.66775587708,66157.15069830485,0.28436994209437916,0.05,0.04265549131415687,0.04265549131415687,False,0.09265549131415687,211088.8617633375
17898,507370.3122095607,176874.38351570774,0.3486100374013464,0.05,0.052291505610201953,0.052291505610201953,False,0.10229150561020195,455470.63907172653
17899,979773.5403514765,300454.33728049346,0.3066569211214979,0.05,0.04599853816822468,0.04599853816822468,False,0.09599853816822468,885716.7127418286
17900,837427.8194067704,657263.4466649481,0.7848598188803307,0.05,0.11772897283204961,0.1,True,0.15000000000000002,711813.6464957548
17901,1027508.6101328797,861743.7638877754,0.8386730343566977,0.05,0.12580095515350465,0.1,True,0.15000000000000002,873382.3186129477
17902,426934.0902509084,71529.79214031232,0.16754293876667095,0.05,0.02513144081500064,0.02513144081500064,False,0.07513144081500064,394857.9169173161
17903,267848.5157826417,117018.12087067467,0.43688172222553784,0.05,0.06553225833383067,0.06553225833383067,False,0.11553225833383067,236903.37186290845
17904,1061709.1624564857,528667.0041410201,0.4979395703036401,0.05,0.07469093554554601,0.07469093554554601,False,0.12469093554554601,929323.6537125084
17905,550546.9948063263,131001.77547759772,0.23794839807214288,0.05,0.03569225971082143,0.03569225971082143,False,0.08569225971082144,503369.37874437036
17906,719380.6882680276,412859.1531351351,0.5739091413881707,0.05,0.08608637120822561,0.08608637120822561,False,0.13608637120822561,621482.780884356
17907,864312.2486242775,294639.1303947654,0.34089431321115876,0.05,0.05113414698167381,0.05113414698167381,False,0.1011341469816738,776900.7666338489
17908,485853.9855850329,353472.20701661904,0.7275276472024644,0.05,0.10912914708036967,0.1,True,0.15000000000000002,412975.887747278
17909,278368.67093045416,112419.74749528777,0.4038520107867095,0.05,0.060577801618006424,0.060577801618006424,False,0.11057780161800643,247587.2752596383
17910,282983.03487565386,154723.6434201681,0.5467594320209179,0.05,0.08201391480313769,0.08201391480313769,False,0.13201391480313768,245625.33661884596
17911,876161.4700314603,701424.0787135808,0.8005648532894226,0.05,0.12008472799341338,0.1,True,0.15000000000000002,744737.2495267412
17912,416401.7830854917,290696.5873633332,0.6981156161467497,0.05,0.10471734242201244,0.1,True,0.15000000000000002,353941.5156226679
17913,462941.94041068276,119129.74223416753,0.2573319283374622,0.05,0.03859978925061933,0.03859978925061933,False,0.08859978925061934,421925.38205502345
17914,625486.5391170158,164360.15874905325,0.26277169606411754,0.05,0.03941575440961763,0.03941575440961763,False,0.08941575440961763,569558.1883488069
17915,643499.4368440396,274189.10766183864,0.4260906722880193,0.05,0.06391360084320288,0.06391360084320288,False,0.11391360084320289,570196.0988525618
17916,217072.67928349224,126539.42675005252,0.5829357575892578,0.05,0.08744036363838865,0.08744036363838865,False,0.13744036363838866,187238.13130680975
17917,266862.3214014745,73110.0924283154,0.2739618393648263,0.05,0.04109427590472395,0.04109427590472395,False,0.09109427590472395,242552.69146715343
17918,368045.7466874997,123348.6883569673,0.3351449907168747,0.05,0.050271748607531204,0.050271748607531204,False,0.10027174860753121,331141.15609957965
17919,384504.16441680724,119691.50348201214,0.3112879249657881,0.05,0.04669318874486821,0.04669318874486821,False,0.09669318874486821,347325.23067366506
17920,233141.89724991558,154576.11988296953,0.6630130478747552,0.05,0.09945195718121329,0.09945195718121329,False,0.1494519571812133,198298.38440497438
17921,379089.857389476,125274.94556440518,0.33046240389306436,0.05,0.04956936058395965,0.04956936058395965,False,0.09956936058395965,341344.1226853414
17922,644072.188254182,212230.98967447458,0.32951428977199987,0.05,0.04942714346579998,0.04942714346579998,False,0.09942714346579998,580033.9303903017
17923,261267.0497275246,47605.07160780893,0.18220847847999302,0.05,0.02733127177199895,0.02733127177199895,False,0.07733127177199896,241062.93649997705
17924,462661.6906686255,149326.99888630322,0.322756350694392,0.05,0.0484134526041588,0.0484134526041588,False,0.0984134526041588,417129.5563022488
17925,380292.9760329931,89032.8406032148,0.2341164476187711,0.05,0.03511746714281566,0.03511746714281566,False,0.08511746714281566,347923.4011408613
17926,505189.5619009158,366596.3558752143,0.7256609865330429,0.05,0.10884914797995643,0.1,True,0.15000000000000002,429411.1276157784
17927,519541.3650445172,304068.12767005444,0.5852625952969119,0.05,0.0877893892945368,0.0877893892945368,False,0.1377893892945368,447954.07764178317
17928,767623.1401871555,254629.52141064033,0.33171162785498975,0.05,0.04975674417824846,0.04975674417824846,False,0.09975674417824847,691047.5549662017
17929,511111.1564377014,159107.9910197825,0.31129821569288313,0.05,0.04669473235393247,0.04669473235393247,False,0.09669473235393247,461689.3999628489
17930,653661.0971294333,276727.9034364178,0.4233507312148058,0.05,0.06350260968222086,0.06350260968222086,False,0.11350260968222087,579468.8567574989
17931,340544.11847977334,98918.90102821216,0.29047308604182354,0.05,0.043570962906273526,0.043570962906273526,False,0.09357096290627354,308679.0774015529
17932,315839.00447260845,123120.97109431087,0.38982193253774866,0.05,0.0584732898806623,0.0584732898806623,False,0.1084732898806623,281578.9085848314
17933,289869.09241120087,150680.97937635786,0.5198242355642584,0.05,0.07797363533463876,0.07797363533463876,False,0.12797363533463876,252773.49088418714
17934,411187.82472448226,146703.36283030233,0.356779442408348,0.05,0.0535169163612522,0.0535169163612522,False,0.10351691636125221,368622.9290637128
17935,703309.2339307542,275043.0239463288,0.39106983198433126,0.05,0.058660474797649687,0.058660474797649687,False,0.10866047479764969,626887.3186422671
17936,423263.07777777076,72233.63761495257,0.17065896225627786,0.05,0.025598844338441677,0.025598844338441677,False,0.07559884433844168,391264.87824663933
17937,585272.9211381095,163856.53747269977,0.2799660321787445,0.05,0.041994904826811674,0.041994904826811674,False,0.09199490482681168,531430.7944602991
17938,230335.92246431124,174843.13692686823,0.7590788924986671,0.05,0.11386183387480006,0.1,True,0.15000000000000002,195785.53409466456
17939,213172.86617500382,77972.19213739797,0.3657697789426299,0.05,0.054865466841394483,0.054865466841394483,False,0.10486546684139449,190818.39404564392
17940,354097.81521781994,183530.53126253514,0.5183046135137492,0.05,0.07774569202706239,0.07774569202706239,False,0.12774569202706237,308863.34476754867
17941,467368.09920250304,160329.928710084,0.34304850712674684,0.05,0.05145727606901202,0.05145727606901202,False,0.10145727606901203,419950.2049358653
17942,445758.1318134689,164140.99535241985,0.36822883002638296,0.05,0.05523432450395744,0.05523432450395744,False,0.10523432450395745,398849.07591993245
17943,581694.8984312563,237425.2164475075,0.4081610773754551,0.05,0.06122416160631826,0.06122416160631826,False,0.11122416160631826,516996.3710425673
17944,335809.8458490071,109447.81309234182,0.3259219896177604,0.05,0.04888829844266406,0.04888829844266406,False,0.09888829844266406,302602.1815927055
17945,232367.33458299923,87126.33295526105,0.3749508643786608,0.05,0.056242629656799124,0.056242629656799124,False,0.10624262965679912,207680.01791056013
17946,1077034.102314863,426425.34797449596,0.39592557659779065,0.05,0.0593888364896686,0.0593888364896686,False,0.1093888364896686,959218.5950029454
17947,364461.5485981777,70344.21622955531,0.19300860817861057,0.05,0.028951291226791583,0.028951291226791583,False,0.07895129122679159,335686.8387338355
17948,873749.8496253997,311674.2381973752,0.35670877463498096,0.05,0.05350631619524714,0.05350631619524714,False,0.10350631619524714,783311.2214145234
17949,473021.2572721362,165078.89100287284,0.34898831387592477,0.05,0.052348247081388716,0.052348247081388716,False,0.10234824708138872,424608.3607580985
17950,407979.218081801,182067.28784125403,0.4462660835943585,0.05,0.06693991253915377,0.06693991253915377,False,0.11693991253915377,360270.1640015229
17951,484364.6178595103,227944.31801348185,0.47060480804895827,0.05,0.07059072120734373,0.07059072120734373,False,0.12059072120734374,425954.7392645125
17952,405547.0646855666,239781.34832555987,0.5912540595293666,0.05,0.08868810892940499,0.08868810892940499,False,0.13868810892940497,349302.5092024543
17953,455819.0867918123,210562.44958583702,0.46194302890613237,0.05,0.06929145433591985,0.06929145433591985,False,0.11929145433591985,401443.76501434617
17954,494477.2865798764,184658.83392098115,0.3734424996508953,0.05,0.0560163749476343,0.0560163749476343,False,0.1060163749476343,442054.5971627354
17955,1266747.868946031,804257.5657555666,0.634899481950367,0.05,0.09523492229255505,0.09523492229255505,False,0.14523492229255505,1082771.8406353944
17956,348551.50662597147,275705.6354797682,0.7910039986590168,0.05,0.11865059979885252,0.1,True,0.15000000000000002,296268.78063207574
17957,566169.5490599683,291818.3304635867,0.5154256899688497,0.05,0.07731385349532746,0.07731385349532746,False,0.12731385349532748,494088.3220374319
17958,483257.4845737276,120616.72017773974,0.2495910027842269,0.05,0.037438650417634035,0.037438650417634035,False,0.08743865041763405,441002.1023183802
17959,770415.2116237183,444805.73852272844,0.5773584578960493,0.05,0.0866037686844074,0.0866037686844074,False,0.1366037686844074,665173.590264123
17960,432032.392399893,116698.78237758332,0.2701158163843555,0.05,0.04051737245765332,0.04051737245765332,False,0.09051737245765332,392925.95542326086
17961,400790.2319757092,112952.01501684677,0.2818232731372866,0.05,0.04227349097059299,0.04227349097059299,False,0.092273490970593,363807.9181243967
17962,556265.5085896727,207132.21953897207,0.372362147824201,0.05,0.05585432217363015,0.05585432217363015,False,0.10585432217363015,497382.40022934333
17963,535879.5941182096,111736.21933006722,0.20850993498628978,0.05,0.03127649024794347,0.03127649024794347,False,0.08127649024794348,492325.181512789
17964,258841.43014936894,137281.2079277991,0.530367985714569,0.05,0.07955519785718534,0.07955519785718534,False,0.12955519785718533,225307.17745273063
17965,368204.323219497,246088.83471149852,0.6683485749427174,0.05,0.1002522862414076,0.1,True,0.15000000000000002,312973.67473657243
17966,606405.9100071165,125451.12275808048,0.20687648436112413,0.05,0.03103147265416862,0.03103147265416862,False,0.08103147265416863,557267.9460930486
17967,534037.6145555661,223174.03855870967,0.4178994746361422,0.05,0.06268492119542132,0.06268492119542132,False,0.11268492119542133,473859.6280439814
17968,508378.2442168171,418618.07334017893,0.8234382137754177,0.05,0.12351573206631265,0.1,True,0.15000000000000002,432121.50758429454
17969,961811.590915144,141267.08563329652,0.14687604824858036,0.05,0.022031407237287054,0.022031407237287054,False,0.07203140723728706,892530.9485243922
17970,643162.1284768924,186742.23624628305,0.29035017451745426,0.05,0.04355252617761814,0.04355252617761814,False,0.09355252617761814,582992.6866161053
17971,448543.9561179023,142265.88000284176,0.3171726607000505,0.05,0.04757589910500758,0.04757589910500758,False,0.09757589910500758,404776.87631158094
17972,473368.4236419673,79850.13028746197,0.16868495298676006,0.05,0.025302742948014007,0.025302742948014007,False,0.075302742948014,437722.48291674966
17973,657239.4998995146,422095.4100702293,0.6422246534707112,0.05,0.09633369802060668,0.09633369802060668,False,0.1463336980206067,561063.2133940045
17974,431627.58622962644,186787.0239657921,0.4327504309847822,0.05,0.06491256464771733,0.06491256464771733,False,0.11491256464771733,382028.15332327626
17975,443389.1704019245,93863.38918447134,0.2116952678374752,0.05,0.03175429017562128,0.03175429017562128,False,0.08175429017562127,407140.2035041576
17976,595194.1847869853,174891.20115567336,0.29383889430684773,0.05,0.04407583414602716,0.04407583414602716,False,0.09407583414602716,539200.795374285
17977,393946.6975958076,116486.11158803618,0.2956900319229274,0.05,0.044353504788439115,0.044353504788439115,False,0.09435350478843912,356776.44597781176
17978,655543.3192809871,479759.4909955185,0.7318501720400845,0.05,0.10977752580601267,0.1,True,0.15000000000000002,557211.821388839
17979,564721.476753307,285455.46851876285,0.505480099959898,0.05,0.0758220149939847,0.0758220149939847,False,0.1258220149939847,493667.08263782726
17980,407455.41851053276,202226.06674143788,0.49631458450272226,0.05,0.07444718767540834,0.07444718767540834,False,0.12444718767540834,356748.7375737905
17981,698527.3835101202,257626.44817223796,0.36881367037847196,0.05,0.055322050556770794,0.055322050556770794,False,0.1053220505567708,624957.0471087785
17982,348050.21588372457,162822.20169230938,0.4678123852872554,0.05,0.07017185779308831,0.07017185779308831,False,0.12017185779308831,306224.37483569194
17983,620486.6726758005,307919.07833864057,0.49625413711266914,0.05,0.07443812056690037,0.07443812056690037,False,0.12443812056690037,543274.4772912144
17984,289899.61450769857,89027.98056240924,0.30709934096875113,0.05,0.04606490114531267,0.04606490114531267,False,0.09606490114531267,262050.43669795227
17985,267343.8284124621,86169.09743272269,0.322315641039522,0.05,0.0483473461559283,0.0483473461559283,False,0.0983473461559283,241051.27237693057
17986,761969.4517306648,268283.8748101456,0.3520926911187727,0.05,0.05281390366781591,0.05281390366781591,False,0.10281390366781591,683628.3979226097
17987,542586.1802665727,121179.45750925457,0.2233367931518622,0.05,0.03350051897277933,0.03350051897277933,False,0.08350051897277933,497279.9526268559
17988,365636.7703624089,106458.98554349126,0.29116050182253855,0.05,0.04367407527338078,0.04367407527338078,False,0.09367407527338079,331386.08401276474
17989,220876.0157566028,72996.34489334698,0.33048561041496805,0.05,0.04957284156224521,0.04957284156224521,False,0.09957284156224522,198882.76323477062
17990,336320.07137954404,55283.564590568014,0.1643778331867068,0.05,0.024656674978006016,0.024656674978006016,False,0.07465667497800602,311211.53312198166
17991,445495.27204348444,116348.03902022343,0.26116559775491127,0.05,0.03917483966323669,0.03917483966323669,False,0.0891748396632367,405768.3025882767
17992,421446.3640768995,149397.94974225352,0.3544886431028588,0.05,0.05317329646542882,0.05317329646542882,False,0.10317329646542883,377964.35341171647
17993,527053.2491609029,219798.68687937967,0.41703316928471834,0.05,0.06255497539270775,0.06255497539270775,False,0.11255497539270776,467730.7836709508
17994,288069.76670331834,95448.45664159991,0.3313379870922096,0.05,0.049700698063831435,0.049700698063831435,False,0.09970069806383144,259349.00987191245
17995,864435.8464890064,236374.79282558605,0.2734439967820008,0.05,0.04101659951730012,0.04101659951730012,False,0.09101659951730012,785757.8352407182
17996,1106445.3732910259,829983.8545968449,0.7501354107777863,0.05,0.11252031161666795,0.1,True,0.15000000000000002,940478.5672973719
17997,401625.09023402346,59071.51231993828,0.1470812301231425,0.05,0.022062184518471376,0.022062184518471376,False,0.07206218451847138,372683.1088743316
17998,238613.9602697146,66186.84957594506,0.27738045796285976,0.05,0.04160706869442896,0.04160706869442896,False,0.09160706869442897,216755.2348198371
17999,262385.5299251497,109870.98098089054,0.4187387201277192,0.05,0.06281080801915788,0.06281080801915788,False,0.11281080801915788,232785.60628175864
18000,1290160.3419083648,1091423.368408552,0.8459594772492794,0.05,0.1268939215873919,0.1,True,0.15000000000000002,1096636.29062211
18001,731847.2693928033,638785.3020240506,0.8728396329934195,0.05,0.1309259449490129,0.1,True,0.15000000000000002,622070.1789838828
18002,426739.195188229,106909.48886266846,0.25052652783748186,0.05,0.03757897917562228,0.03757897917562228,False,0.08757897917562228,389365.81209941726
18003,500185.9989245682,289509.1905777531,0.5788030676592635,0.05,0.08682046014888951,0.08682046014888951,False,0.13682046014888952,431750.3203916768
18004,466812.6783615601,110437.43683304096,0.2365776294265597,0.05,0.03548664441398395,0.03548664441398395,False,0.08548664441398396,426906.428918526
18005,319535.26706925477,171189.5993378074,0.5357455560631573,0.05,0.0803618334094736,0.0803618334094736,False,0.1303618334094736,277880.0638151209
18006,555988.6403516419,167405.57599316392,0.3010953171404477,0.05,0.04516429757106715,0.04516429757106715,False,0.09516429757106715,503078.3719350852
18007,504676.97655875556,356241.9771241641,0.7058811748324122,0.05,0.10588217622486183,0.1,True,0.15000000000000002,428975.43007494224
18008,693155.7113017038,155022.05454002856,0.22364679683430247,0.05,0.03354701952514537,0.03354701952514537,False,0.08354701952514537,635244.6175556143
18009,643037.9494331237,224492.63730231405,0.34911257959225844,0.05,0.052366886938838765,0.052366886938838765,False,0.10236688693883877,577212.1563661204
18010,770350.4752524034,490462.9492484932,0.6366750784281586,0.05,0.09550126176422379,0.09550126176422379,False,0.1455012617642238,658263.5091025094
18011,444050.0645368858,85115.31319484179,0.19167954244891575,0.05,0.02875193136733736,0.02875193136733736,False,0.07875193136733737,409080.26433081523
18012,193846.14685676998,69258.22019780509,0.357284482156764,0.05,0.0535926723235146,0.0535926723235146,False,0.1035926723235146,173765.10648426073
18013,457308.89165336394,133680.31681159418,0.29231952243107195,0.05,0.04384792836466079,0.04384792836466079,False,0.0938479283646608,414391.3995489566
18014,386268.31446306757,181650.86293065734,0.4702711978412239,0.05,0.07054067967618358,0.07054067967618358,False,0.12054067967618358,339707.2693003156
18015,605965.3655165103,220932.12175158772,0.3645952959098091,0.05,0.05468929438647136,0.05468929438647136,False,0.10468929438647137,542527.2789779466
18016,676951.383647785,95763.30253419548,0.1414625996008315,0.05,0.021219389940124723,0.021219389940124723,False,0.07121938994012472,628739.3190852664
18017,495248.26583545154,164574.87843715498,0.33230783384880286,0.05,0.04984617507732043,0.04984617507732043,False,0.09984617507732044,445799.62077810575
18018,200165.0228281509,81943.02244305718,0.40937732919206526,0.05,0.06140659937880979,0.06140659937880979,False,0.11140659937880978,177865.31832028477
18019,487364.9418492089,141912.5113767826,0.29118325753658836,0.05,0.04367748863048825,0.04367748863048825,False,0.09367748863048825,441709.818050231
18020,654114.9143782398,283436.72636558436,0.43331335234115764,0.05,0.06499700285117364,0.06499700285117364,False,0.11499700285117365,578893.6597044901
18021,611390.4298001616,539575.0892238325,0.8825376762933587,0.05,0.1323806514440038,0.1,True,0.15000000000000002,519681.86533013737
18022,1393251.1436293423,881119.8479950507,0.6324199711042635,0.05,0.09486299566563952,0.09486299566563952,False,0.14486299566563954,1191420.6092486177
18023,292105.78117396927,159974.47307948745,0.5476593870773532,0.05,0.08214890806160298,0.08214890806160298,False,0.13214890806160298,253504.3211533477
18024,452614.58727754455,319304.5434894233,0.7054667535353315,0.05,0.10582001303029973,0.1,True,0.15000000000000002,384722.39918591286
18025,408391.9332854129,206880.39346095372,0.506573163178449,0.05,0.07598597447676735,0.07598597447676735,False,0.12598597447676735,356940.27760199923
18026,276032.9304932463,119343.46501966834,0.4323522733552558,0.05,0.06485284100328836,0.06485284100328836,False,0.11485284100328837,244329.7642156337
18027,257841.41570273152,159444.63721091376,0.6183825696750727,0.05,0.0927573854512609,0.0927573854512609,False,0.1427573854512609,221032.6493359579
18028,278377.97677786637,140494.65549744706,0.5046902672532739,0.05,0.07570354008799109,0.07570354008799109,False,0.1257035400879911,243384.87961435597
18029,237701.31276170362,89376.1692722491,0.37600200114102444,0.05,0.05640030017115366,0.05640030017115366,False,0.10640030017115366,212409.82173278107
18030,697278.109036695,402981.35605244536,0.5779349026304196,0.05,0.08669023539456293,0.08669023539456293,False,0.13669023539456293,601967.0001769934
18031,552287.3302410389,271933.4594975813,0.4923767839810834,0.05,0.07385651759716251,0.07385651759716251,False,0.12385651759716251,483882.9448043498
18032,318556.6596528244,152959.14693523006,0.48016308025684024,0.05,0.07202446203852603,0.07202446203852603,False,0.12202446203852603,279684.95462989865
18033,1137906.0940816093,831177.8182620117,0.7304450012044673,0.05,0.1095667501806701,0.1,True,0.15000000000000002,967220.1799693678
18034,569885.520665686,269405.38865804207,0.47273597747026164,0.05,0.07091039662053925,0.07091039662053925,False,0.12091039662053925,500980.43633369537
18035,405477.635135083,154463.31684065802,0.38094164377080697,0.05,0.05714124656562104,0.05714124656562104,False,0.10714124656562105,362034.2558522301
18036,353873.9093828404,86057.54302602634,0.24318702437292297,0.05,0.036478053655938446,0.036478053655938446,False,0.08647805365593844,323271.5824597944
18037,338282.13541991805,79363.30734818708,0.23460685338784276,0.05,0.03519102800817641,0.03519102800817641,False,0.0851910280081764,309463.53254669404
18038,584739.2411671533,251381.14033224713,0.42990297663362637,0.05,0.06448544649504395,0.06448544649504395,False,0.11448544649504395,517795.1080589586
18039,504797.3119434731,276260.75849670207,0.5472706608383001,0.05,0.08209059912574501,0.08209059912574501,False,0.132090599125745,438118.33257179416
18040,960466.536437519,296390.8830638906,0.3085905357652944,0.05,0.046288580364794156,0.046288580364794156,False,0.09628858036479415,867984.5771560594
18041,213486.0840609005,251054.12173777187,1.1759741757507458,0.05,0.17639612636261187,0.1,True,0.15000000000000002,181463.1714517654
18042,225827.03997993644,81254.12919110601,0.359806908855224,0.05,0.053971036328283595,0.053971036328283595,False,0.1039710363282836,202347.5686022737
18043,648605.4441362121,267054.59025402286,0.4117365844957961,0.05,0.06176048767436941,0.06176048767436941,False,0.11176048767436941,576116.9833912981
18044,371942.33529220324,206296.33299339644,0.5546460120796066,0.05,0.08319690181194099,0.08319690181194099,False,0.133196901811941,322400.7685785836
18045,881153.9527859237,276167.2796044862,0.31341546926202235,0.05,0.04701232038930335,0.04701232038930335,False,0.09701232038930335,795671.1632059546
18046,448396.6812965181,229224.80845421203,0.5112098684393007,0.05,0.07668148026589511,0.07668148026589511,False,0.1266814802658951,391593.12596356036
18047,278217.78240194276,98486.8356899975,0.35399187945403515,0.05,0.05309878191810527,0.05309878191810527,False,0.10309878191810527,249533.867928346
18048,721413.6517634669,189483.9561746451,0.26265646028663187,0.05,0.03939846904299478,0.03939846904299478,False,0.08939846904299478,656920.3757490967
18049,192318.89524289116,74382.27466973959,0.3867652971685269,0.05,0.058014794575279034,0.058014794575279034,False,0.10801479457527904,171545.60928028566
18050,284726.0106876784,151305.75359728158,0.5314082588796282,0.05,0.07971123883194423,0.07971123883194423,False,0.12971123883194424,247793.84711370224
18051,246617.09227784158,328468.83117677225,1.3318980778782177,0.05,0.19978471168173265,0.1,True,0.15000000000000002,209624.52843616533
18052,738176.0552761474,339199.6187762122,0.4595104600748931,0.05,0.06892656901123397,0.06892656901123397,False,0.11892656901123397,650387.3096959082
18053,428643.29617616977,137535.03414707707,0.32086127410365706,0.05,0.04812919111554856,0.04812919111554856,False,0.09812919111554856,386580.87624529976
18054,1288855.2367403118,769038.5880635097,0.596683449111408,0.05,0.0895025173667112,0.0895025173667112,False,0.1395025173667112,1109056.6866937696
18055,309097.013587919,362215.17912803567,1.17184949451156,0.05,0.175777424176734,0.1,True,0.15000000000000002,262732.46154973115
18056,437039.8182310854,229542.70326479373,0.5252214871264264,0.05,0.07878322306896395,0.07878322306896395,False,0.12878322306896395,380756.42182981205
18057,220625.79990328063,168319.28223099286,0.7629174933520094,0.05,0.11443762400280141,0.1,True,0.15000000000000002,187531.92991778854
18058,1630868.9979610427,1310836.582349556,0.8037657126282982,0.05,0.12056485689424473,0.1,True,0.15000000000000002,1386238.6482668861
18059,988702.6261338437,481514.951004368,0.4870169637227037,0.05,0.07305254455840555,0.07305254455840555,False,0.12305254455840556,867040.2521764963
18060,446429.6777831755,170441.64835464908,0.38178834615343415,0.05,0.05726825192301512,0.05726825192301512,False,0.10726825192301512,398541.94664081937
18061,634950.0617276133,176408.376123345,0.2778303157312272,0.05,0.041674547359684073,0.041674547359684073,False,0.09167454735968408,576741.3022227309
18062,249645.93896434485,152989.2267785832,0.6128248166713962,0.05,0.09192372250070943,0.09192372250070943,False,0.14192372250070945,214215.2579993401
18063,461259.4008890103,164617.85224167665,0.3568877987622577,0.05,0.05353316981433865,0.05353316981433865,False,0.10353316981433866,413503.75300830824
18064,638535.7198657378,322722.41575090314,0.5054101214866423,0.05,0.07581151822299635,0.07581151822299635,False,0.12581151822299635,558200.5715098154
18065,566191.4624607166,118404.8846833785,0.2091251679578154,0.05,0.03136877519367231,0.03136877519367231,False,0.0813687751936723,520121.15663517406
18066,550276.572148102,209512.3571901833,0.38074010015057475,0.05,0.05711101502258621,0.05711101502258621,False,0.10711101502258621,491335.8899621694
18067,619963.9152762023,127321.48935531836,0.20536919362249484,0.05,0.030805379043374225,0.030805379043374225,False,0.08080537904337423,569867.4961090944
18068,245253.66916827575,226028.3489305036,0.9216104684469324,0.05,0.13824157026703984,0.1,True,0.15000000000000002,208465.61879303437
18069,893874.3202072381,681323.1707258745,0.7622136080248002,0.05,0.11433204120372002,0.1,True,0.15000000000000002,759793.1721761524
18070,737955.333162405,157289.60946472757,0.21314245239028876,0.05,0.03197136785854331,0.03197136785854331,False,0.08197136785854331,677464.1250845756
18071,319203.42277521593,223903.2959560943,0.7014439068648951,0.05,0.10521658602973426,0.1,True,0.15000000000000002,271322.9093589335
18072,572258.9056645471,148485.13072629948,0.25947194400385637,0.05,0.03892079160057845,0.03892079160057845,False,0.08892079160057845,521373.19077237486
18073,472143.42226684536,174397.7229289274,0.36937446272493346,0.05,0.05540616940874002,0.05540616940874002,False,0.10540616940874002,422376.592714164
18074,363269.83462605416,186252.79887220752,0.5127119873961845,0.05,0.07690679810942767,0.07690679810942767,False,0.12690679810942768,317168.42306392035
18075,348065.50335414364,212015.75972001645,0.6091260342576906,0.05,0.09136890513865359,0.09136890513865359,False,0.14136890513865358,298859.86422843405
18076,379099.5404768721,158872.405954642,0.41907833956958956,0.05,0.06286175093543843,0.06286175093543843,False,0.11286175093543843,336313.70255983225
18077,256533.79860356974,137686.47781895802,0.536718664629956,0.05,0.0805077996944934,0.0805077996944934,False,0.1305077996944934,223054.13700054755
18078,316226.7878786804,131860.06462500594,0.41697942640961116,0.05,0.06254691396144167,0.06254691396144167,False,0.11254691396144167,280636.4387909955
18079,832759.5477314322,147219.17182538216,0.17678473002973102,0.05,0.02651770950445965,0.02651770950445965,False,0.07651770950445966,769038.6945710533
18080,442480.49554184184,198401.32416356745,0.4483843382082052,0.05,0.06725765073123079,0.06725765073123079,False,0.11725765073123079,390596.2721402146
18081,460438.82640307554,167067.46838500747,0.3628440062062749,0.05,0.05442660093094123,0.05442660093094123,False,0.10442660093094124,412356.7648251706
18082,345102.4616989279,207623.5523697802,0.6016287201999556,0.05,0.09024430802999334,0.09024430802999334,False,0.14024430802999333,296703.8057585145
18083,891172.5325474326,461606.61616291874,0.517976709676417,0.05,0.07769650645146255,0.07769650645146255,False,0.12769650645146255,777372.9134956232
18084,245785.73056839983,111471.3900847481,0.45353076367355133,0.05,0.0680296145510327,0.0680296145510327,False,0.1180296145510327,216775.73552726762
18085,695133.1567633962,416133.2058424095,0.5986381196085709,0.05,0.08979571794128564,0.08979571794128564,False,0.13979571794128565,597956.518048865
18086,278857.3918292442,57028.03191221136,0.2045060793910457,0.05,0.030675911908656855,0.030675911908656855,False,0.08067591190865686,256360.3174509503
18087,532267.4670068575,222033.95099195413,0.41714732677639593,0.05,0.06257209901645938,0.06257209901645938,False,0.11257209901645938,472349.0010077215
18088,317671.8373565354,194520.74378623292,0.6123323534277128,0.05,0.09184985301415691,0.09184985301415691,False,0.14184985301415692,272610.1339207737
18089,601129.3579019922,185904.8876375152,0.3092593718702141,0.05,0.04638890578053211,0.04638890578053211,False,0.09638890578053211,543187.1568612653
18090,280406.80453736405,52354.56242250436,0.18670931509270183,0.05,0.028006397263905275,0.028006397263905275,False,0.07800639726390528,258533.2799471202
18091,367695.9894379255,134898.05714206683,0.3668738877143514,0.05,0.05503108315715271,0.05503108315715271,False,0.1050310831571527,329076.4813947192
18092,383396.0614104204,61013.51392915833,0.15913964714375137,0.05,0.023870947071562704,0.023870947071562704,False,0.0738709470715627,355074.2312505256
18093,1707113.324106208,1396762.4131183212,0.8182013422276011,0.05,0.12273020133414016,0.1,True,0.15000000000000002,1451046.3254902768
18094,835153.9072744383,111518.19163246162,0.13353010823646405,0.05,0.020029516235469606,0.020029516235469606,False,0.0700295162354696,776668.4831658471
18095,304780.3867199167,195857.57379343663,0.6426186930900623,0.05,0.09639280396350934,0.09639280396350934,False,0.14639280396350934,260162.73131490537
18096,385752.6252033367,99982.68078427529,0.25918859458590265,0.05,0.0388782891878854,0.0388782891878854,False,0.0888782891878854,351467.59182552854
18097,481067.65169273625,200702.30811501807,0.41720183722352855,0.05,0.06258027558352929,0.06258027558352929,False,0.11258027558352929,426908.92289084673
18098,360764.14190148417,87510.79152193118,0.24257064757236388,0.05,0.03638559713585458,0.03638559713585458,False,0.08638559713585459,329599.31607812026
18099,229983.6496534946,88316.3829664106,0.3840115725594958,0.05,0.057601735883924365,0.057601735883924365,False,0.10760173588392437,205237.00972585825
18100,608848.4947315248,157749.72680621909,0.25909520705274913,0.05,0.03886428105791237,0.03886428105791237,False,0.08886428105791237,554743.6109740158
18101,367622.2656861463,224194.4354729938,0.6098499911438919,0.05,0.09147749867158379,0.09147749867158379,False,0.1414774986715838,315611.9870808899
18102,528285.9999274119,77375.71635938121,0.1464655818439498,0.05,0.02196983727659247,0.02196983727659247,False,0.07196983727659248,490265.34247713414
18103,455910.7739442693,321696.85914087784,0.7056136365406495,0.05,0.10584204548109742,0.1,True,0.15000000000000002,387524.1578526289
18104,590329.2126836182,132653.9212233476,0.22471176823573918,0.05,0.033706765235360876,0.033706765235360876,False,0.08370676523536089,540914.663865935
18105,405521.9228345935,146503.9740908011,0.3612726361789272,0.05,0.054190895426839074,0.054190895426839074,False,0.10419089542683907,363270.2305792437
18106,574356.5969329422,88612.35393424868,0.1542810762641844,0.05,0.023142161439627662,0.023142161439627662,False,0.07314216143962766,532346.9139961577
18107,535925.4868645731,391326.09900876915,0.7301875141229404,0.05,0.10952812711844105,0.1,True,0.15000000000000002,455536.6638348871
18108,305571.46236843424,116058.10722357832,0.3798067605005748,0.05,0.05697101407508622,0.05697101407508622,False,0.10697101407508622,272884.1731664758
18109,276696.3189732579,98550.13393041486,0.35616713043421266,0.05,0.0534250695651319,0.0534250695651319,False,0.1034250695651319,248078.98293503278
18110,407184.53733338416,258190.47577374493,0.6340871327398917,0.05,0.09511306991098376,0.09511306991098376,False,0.14511306991098377,348096.7391006532
18111,543270.9542832703,136778.33378725412,0.2517681696561596,0.05,0.03776522544842394,0.03776522544842394,False,0.08776522544842394,495590.6565010187
18112,231851.42601606567,144136.70438939417,0.621677023368433,0.05,0.09325155350526494,0.09325155350526494,False,0.14325155350526494,198638.34905685324
18113,438660.8316603868,273192.76959980506,0.6227881540408698,0.05,0.09341822310613047,0.09341822310613047,False,0.14341822310613048,375748.8746373967
18114,306070.99351070105,140361.00780724373,0.4585897088687574,0.05,0.06878845633031361,0.06878845633031361,False,0.11878845633031361,269713.2926640794
18115,556944.2723603046,374172.4186524864,0.6718309842145618,0.05,0.10077464763218426,0.1,True,0.15000000000000002,473402.6315062589
18116,287521.92372680793,171880.99053239537,0.5978013373884836,0.05,0.08967020060827254,0.08967020060827254,False,0.13967020060827254,247363.67896060823
18117,725455.6599803258,288714.5823767276,0.3979768830869104,0.05,0.059696532463036564,0.059696532463036564,False,0.10969653246303657,645875.6896248005
18118,917894.1070331798,159832.24215546658,0.17412928237667508,0.05,0.02611939235650126,0.02611939235650126,False,0.07611939235650127,848024.5653582009
18119,1930303.382047088,1838016.5068161688,0.9521904815122643,0.05,0.14282857222683965,0.1,True,0.15000000000000002,1640757.8747400246
18120,860093.5910426024,279958.37753643456,0.3254975742780155,0.05,0.04882463614170233,0.04882463614170233,False,0.09882463614170234,775095.1548600071
18121,196447.4183713221,129823.058657339,0.6608539818627156,0.05,0.09912809727940734,0.09912809727940734,False,0.14912809727940735,167151.58865415514
18122,298727.0406432856,117980.28135356063,0.3949434276170621,0.05,0.05924151414255931,0.05924151414255931,False,0.10924151414255931,266093.6464080872
18123,883778.5617551035,100241.87326662813,0.11342419651768529,0.05,0.01701362947765279,0.01701362947765279,False,0.0670136294776528,824553.3526773541
18124,237949.62496066798,79415.0820301146,0.33374745618212914,0.05,0.05006211842731937,0.05006211842731937,False,0.10006211842731938,214139.8814081174
18125,282319.92182105617,75796.07012983426,0.2684758115577701,0.05,0.04027137173366552,0.04027137173366552,False,0.09027137173366552,256834.51521052822
18126,336852.15267452504,182416.57754122227,0.5415330615906074,0.05,0.08122995923859111,0.08122995923859111,False,0.1312299592385911,292647.0584096155
18127,281422.19741645805,205092.0201097828,0.7287698766927071,0.05,0.10931548150390606,0.1,True,0.15000000000000002,239208.86780398933
18128,792317.1000681642,189423.36498222942,0.23907519472435096,0.05,0.03586127920865264,0.03586127920865264,False,0.08586127920865264,724287.7403174216
18129,412679.83476886566,187763.2506064761,0.45498528105120234,0.05,0.06824779215768034,0.06824779215768034,False,0.11824779215768035,363881.355439451
18130,700659.149723888,303715.6793376148,0.4334713668654744,0.05,0.06502070502982116,0.06502070502982116,False,0.11502070502982116,620068.8403370514
18131,539352.6191316567,345753.4189641003,0.6410526373650582,0.05,0.09615789560475874,0.09615789560475874,False,0.14615789560475873,460521.9753304589
18132,385268.77410742163,107878.4319481519,0.28000824151420317,0.05,0.04200123622713047,0.04200123622713047,False,0.09200123622713047,349823.57060982776
18133,789365.7168991137,134926.23216940055,0.1709299368858263,0.05,0.025639490532873944,0.025639490532873944,False,0.07563949053287394,729658.496228748
18134,255330.16601134336,122911.34526093345,0.48138199720385944,0.05,0.07220729958057891,0.07220729958057891,False,0.12220729958057891,224126.95592163617
18135,379983.66425062326,190741.75032679178,0.5019735537920007,0.05,0.0752960330688001,0.0752960330688001,False,0.1252960330688001,332373.21848907333
18136,641833.7451906735,162736.44989923784,0.2535492269121698,0.05,0.03803238403682547,0.03803238403682547,False,0.08803238403682548,585331.5904462541
18137,321071.8386912353,307657.4269543457,0.9582199055776119,0.05,0.1437329858366418,0.1,True,0.15000000000000002,272911.06288755
18138,621032.8017398106,300692.7825760207,0.4841818044612717,0.05,0.07262727066919075,0.07262727066919075,False,0.12262727066919075,544877.244266417
18139,393983.0267312167,197082.15331007342,0.5002300605313307,0.05,0.0750345090796996,0.0750345090796996,False,0.1250345090796996,344721.55239814485
18140,391569.10189417866,171391.47873182737,0.43770429766479846,0.05,0.06565564464971976,0.06565564464971976,False,0.11565564464971977,346281.9249896956
18141,750188.9443550176,340533.41694746737,0.45393019919834243,0.05,0.06808952987975136,0.06808952987975136,False,0.11808952987975137,661599.4845951466
18142,456479.724236657,242785.48673463834,0.5318647769966861,0.05,0.07977971654950292,0.07977971654950292,False,0.12977971654950293,397237.91501462844
18143,415718.60277358023,166686.108307818,0.40095898330198865,0.05,0.060143847495298296,0.060143847495298296,False,0.11014384749529829,369929.7563887285
18144,837427.6054542116,182453.11734446615,0.21787330171126323,0.05,0.032680995256689487,0.032680995256689487,False,0.08268099525668948,768188.257579831
18145,301756.95304450317,115322.15439007105,0.38216900464614423,0.05,0.05732535069692163,0.05732535069692163,False,0.10732535069692163,269370.7822337674
18146,607556.1889104311,110196.55004176276,0.18137672210925082,0.05,0.027206508316387622,0.027206508316387622,False,0.07720650831638762,560648.8969586451
18147,281712.4541960745,91586.70276616479,0.32510704231208604,0.05,0.04876605634681291,0.04876605634681291,False,0.0987660563468129,253888.82607134606
18148,582064.8180674186,123646.73887073214,0.2124277830109473,0.05,0.0318641674516421,0.0318641674516421,False,0.0818641674516421,534414.5663334379
18149,280511.277896214,76700.21953560325,0.2734300742231885,0.05,0.041014511133478274,0.041014511133478274,False,0.09101451113347828,254980.6810710628
18150,1533432.9987442393,1027070.770917126,0.669785228150311,0.05,0.10046778422254665,0.1,True,0.15000000000000002,1303418.0489326033
18151,466771.707421232,134519.45947064442,0.28819111641068057,0.05,0.04322866746160208,0.04322866746160208,False,0.09322866746160208,423255.2031295738
18152,912409.6691355153,360971.88180159323,0.39562478786925265,0.05,0.059343718180387896,0.059343718180387896,False,0.1093437181803879,812643.4034085006
18153,776853.7653175397,691025.3380703602,0.8895179104756002,0.05,0.13342768657134002,0.1,True,0.15000000000000002,660325.7005199087
18154,527419.8774481161,290883.1334891328,0.5515209910110903,0.05,0.08272814865166354,0.08272814865166354,False,0.13272814865166355,457416.41355234035
18155,577255.6177809807,283627.46726794547,0.4913377341536032,0.05,0.07370066012304048,0.07370066012304048,False,0.12370066012304048,505848.7168017398
18156,449932.81661951623,248643.47338759486,0.5526235566805947,0.05,0.08289353350208921,0.08289353350208921,False,0.1328935335020892,390139.6547804012
18157,292459.0230420829,110989.13841261252,0.37950321128113024,0.05,0.05692548169216953,0.05692548169216953,False,0.10692548169216953,261187.7011280869
18158,490044.4589899866,253857.37448460155,0.5180292722987176,0.05,0.07770439084480764,0.07770439084480764,False,0.12770439084480764,427463.6298677971
18159,433379.39844349946,358998.6477630293,0.828370358748912,0.05,0.12425555381233679,0.1,True,0.15000000000000002,368372.48867697455
18160,264470.0266144438,58661.84063980283,0.22180903216424852,0.05,0.03327135482463728,0.03327135482463728,False,0.08327135482463728,242447.24918775118
18161,692830.8357213207,190766.10454692063,0.27534297654103407,0.05,0.04130144648115511,0.04130144648115511,False,0.09130144648115511,629574.3782532166
18162,773739.9723437652,255207.7579433329,0.32983659506471324,0.05,0.04947548925970698,0.04947548925970698,False,0.09947548925970698,696771.810035077
18163,469211.32257682615,261172.63428415725,0.5566204857330446,0.05,0.08349307285995668,0.08349307285995668,False,0.13349307285995668,406574.86130536126
18164,331917.4972381789,94836.90192272677,0.28572432219405797,0.05,0.04285864832910869,0.04285864832910869,False,0.0928586483291087,301096.0870878609
18165,365525.1193576798,231406.2425287339,0.633078905590328,0.05,0.0949618358385492,0.0949618358385492,False,0.1449618358385492,312537.9270104857
18166,244150.75258291644,88254.84439520427,0.3614768476506412,0.05,0.05422152714759618,0.05422152714759618,False,0.10422152714759618,218704.98829448997
18167,1217365.9508730755,928415.5524711821,0.7626429438126943,0.05,0.11439644157190414,0.1,True,0.15000000000000002,1034761.0582421141
18168,527552.9617931116,67469.09429350006,0.12789065587685802,0.05,0.019183598381528704,0.019183598381528704,False,0.06918359838152871,491054.949559431
18169,923974.8084811268,424719.557838022,0.4596657332424419,0.05,0.06894985998636628,0.06894985998636628,False,0.11894985998636629,814068.1343813671
18170,293551.9842273956,151629.93390622883,0.5165352034846782,0.05,0.07748028052270173,0.07748028052270173,False,0.12748028052270172,256129.89493009148
18171,310798.3363884502,117742.56937688793,0.3788391236101335,0.05,0.056825868541520025,0.056825868541520025,False,0.10682586854152003,277597.03416249447
18172,1219688.6881373592,547080.6072043723,0.4485411831111129,0.05,0.06728117746666694,0.06728117746666694,False,0.11728117746666694,1076642.1626498355
18173,262172.01673617144,187595.11597373884,0.7155421021249544,0.05,0.10733131531874315,0.1,True,0.15000000000000002,222846.21422574573
18174,267831.6271022588,244787.94507608883,0.9139620578962774,0.05,0.1370943086844416,0.1,True,0.15000000000000002,227656.88303691996
18175,641511.5673271116,380073.85864699923,0.5924661035039399,0.05,0.08886991552559098,0.08886991552559098,False,0.13886991552559097,552424.9101637062
18176,1427089.612120271,701622.5961075148,0.4916457874464467,0.05,0.073746868116967,0.073746868116967,False,0.123746868116967,1250491.7420981303
18177,979996.9684821219,235589.66277376423,0.2403983587200883,0.05,0.03605975380801325,0.03605975380801325,False,0.08605975380801326,895658.6706419513
18178,635892.3671077004,265095.1736661858,0.4168868622719085,0.05,0.06253302934078628,0.06253302934078628,False,0.11253302934078628,564333.4727023876
18179,628092.8116505233,171814.31764744635,0.2735492501433776,0.05,0.04103238752150664,0.04103238752150664,False,0.09103238752150664,570916.0234208802
18180,446116.28382497863,109275.76064059464,0.24494905163216585,0.05,0.03674235774482488,0.03674235774482488,False,0.08674235774482489,407419.1055376405
18181,340788.3744292925,147418.90794391415,0.4325819746368752,0.05,0.06488729619553128,0.06488729619553128,False,0.11488729619553129,301636.1195162408
18182,692005.9170477611,300942.1580307073,0.43488379306724445,0.05,0.06523256896008667,0.06523256896008667,False,0.11523256896008667,612264.297490767
18183,506632.9512443269,234820.8283683625,0.4634930037448723,0.05,0.06952395056173084,0.06952395056173084,False,0.11952395056173085,446078.17942685616
18184,308525.13091494096,167976.56314411171,0.544450180268855,0.05,0.08166752704032826,0.08166752704032826,False,0.13166752704032825,267902.3898975772
18185,330716.2021257346,104171.0613379124,0.31498626516734046,0.05,0.04724793977510107,0.04724793977510107,False,0.09724793977510107,298554.732818761
18186,153936.1963898235,215683.1200933167,1.401120237810262,0.05,0.2101680356715393,0.1,True,0.15000000000000002,130845.76693134998
18187,192878.18848180072,205684.44942037994,1.066395589047061,0.05,0.15995933835705917,0.1,True,0.15000000000000002,163946.4602095306
18188,656318.137791086,306641.08683950827,0.4672140981377477,0.05,0.07008211472066216,0.07008211472066216,False,0.12008211472066216,577506.0678756054
18189,282770.7933415618,82332.59827324422,0.2911637276972725,0.05,0.043674559154590877,0.043674559154590877,False,0.09367455915459089,256282.36393349708
18190,484338.7234147944,100744.13324706361,0.2080034661213428,0.05,0.031200519918201417,0.031200519918201417,False,0.08120051991820142,445010.16725699516
18191,595464.1149821208,186522.53127605986,0.31323891160369977,0.05,0.04698583674055496,0.04698583674055496,False,0.09698583674055497,537712.5295416059
18192,300597.6270099388,49224.86452484317,0.1637566637317986,0.05,0.02456349955976979,0.02456349955976979,False,0.07456349955976979,278184.0159807154
18193,456568.07997877477,211499.1091027548,0.463236740318305,0.05,0.06948551104774574,0.06948551104774574,False,0.11948551104774574,402014.8096144228
18194,509730.7206011985,194771.05256947677,0.3821057760453507,0.05,0.0573158664068026,0.0573158664068026,False,0.1073158664068026,455028.52668571705
18195,1377767.7945722074,837367.1014903747,0.6077708484617138,0.05,0.09116562726925707,0.09116562726925707,False,0.14116562726925708,1183274.3396200407
18196,796340.0699074548,325495.4080653072,0.40873920623275184,0.05,0.06131088093491277,0.06131088093491277,False,0.11131088093491277,707698.755202286
18197,399983.062754701,129610.76084202155,0.3240406229938501,0.05,0.048606093449077514,0.048606093449077514,False,0.09860609344907752,360542.2954906627
18198,210463.44491137838,83402.38070263457,0.3962796519735459,0.05,0.05944194779603189,0.05944194779603189,False,0.10944194779603189,187429.91556041426
18199,362372.10431356775,204276.1557412346,0.5637193186495129,0.05,0.08455789779742692,0.08455789779742692,False,0.13455789779742694,313612.07573670417
18200,365974.34087285266,119158.14496096916,0.3255915282934201,0.05,0.04883872924401301,0.04883872924401301,False,0.09883872924401302,329801.9020850646
18201,396600.27682629594,111121.38512320048,0.2801848400420298,0.05,0.04202772600630447,0.04202772600630447,False,0.09202772600630447,360102.05521650106
18202,963886.4150986514,780008.607422916,0.8092329087790744,0.05,0.12138493631686115,0.1,True,0.15000000000000002,819303.4528338537
18203,423264.9804201113,62106.472911863006,0.1467318955851705,0.05,0.022009784337775572,0.022009784337775572,False,0.07200978433777558,392785.76046232623
18204,809930.5311675537,207773.29937372485,0.2565322473696721,0.05,0.03847983710545082,0.03847983710545082,False,0.08847983710545082,738268.0097031173
18205,778924.2451362838,332519.84444098594,0.426896256622243,0.05,0.06403443849333645,0.06403443849333645,False,0.11403443849333646,690100.0562133216
18206,456003.1751346745,148687.49597908842,0.32606679972168073,0.05,0.04891001995825211,0.04891001995825211,False,0.0989100199582521,410899.8919810775
18207,1111852.4882210782,473064.2987979731,0.42547397591820657,0.05,0.06382109638773098,0.06382109638773098,False,0.11382109638773098,985300.2189903284
18208,447828.72442566213,140322.95626951102,0.3133406782905104,0.05,0.04700110174357656,0.04700110174357656,False,0.09700110174357657,404388.84476395237
18209,291404.1636453789,83068.01031445296,0.28506116479358773,0.05,0.04275917471903816,0.04275917471903816,False,0.09275917471903816,264373.753915942
18210,202709.2507754614,102944.02916982895,0.507840805370342,0.05,0.0761761208055513,0.0761761208055513,False,0.1261761208055513,177132.183861214
18211,200367.62087829766,231833.6739166886,1.157041606325721,0.05,0.17355624094885813,0.1,True,0.15000000000000002,170312.47774655302
18212,733670.9268765836,144600.54056716547,0.19709182314578733,0.05,0.029563773471868098,0.029563773471868098,False,0.0795637734718681,675297.2994476795
18213,254534.41368940283,78435.71246940907,0.308153665087978,0.05,0.046223049763196696,0.046223049763196696,False,0.0962230497631967,230042.33613452132
18214,310615.65660128713,119225.22221155351,0.3838351985089842,0.05,0.057575279776347625,0.057575279776347625,False,0.10757527977634762,277201.09043948975
18215,508333.13472432597,201119.6405168356,0.395645349040457,0.05,0.05934680235606855,0.05934680235606855,False,0.10934680235606856,452748.53191058437
18216,196369.42306666696,125980.87771728338,0.6415503786173123,0.05,0.09623255679259685,0.09623255679259685,False,0.14623255679259684,167653.8202557411
18217,874750.4784553272,370397.131706523,0.42343175663142996,0.05,0.0635147634947145,0.0635147634947145,False,0.1135147634947145,775453.3847765825
18218,913205.4068251818,197949.54562232154,0.21676344023247307,0.05,0.03251451603487096,0.03251451603487096,False,0.08251451603487096,837852.7046405745
18219,346827.83768474736,144412.3786795392,0.4163805871050186,0.05,0.062457088065752786,0.062457088065752786,False,0.11245708806575279,307824.5889985791
18220,699223.1320921269,230734.10107705963,0.32998636699373246,0.05,0.04949795504905987,0.04949795504905987,False,0.09949795504905987,629651.8603259616
18221,1593848.2832454594,1174503.7991894737,0.7368981173025457,0.05,0.11053471759538186,0.1,True,0.15000000000000002,1354771.0407586405
18222,520284.8191905979,373728.1205889741,0.7183144823836669,0.05,0.10774717235755003,0.1,True,0.15000000000000002,442242.0963120082
18223,254200.4199600429,38028.198326256126,0.14959927419566688,0.05,0.02243989112935003,0.02243989112935003,False,0.07243989112935004,235786.16921310234
18224,479843.52222010575,177185.90571486438,0.3692576798683731,0.05,0.055388651980255964,0.055388651980255964,False,0.10538865198025596,429273.4602518708
18225,309315.7886878183,98357.58113425411,0.3179843536326011,0.05,0.04769765304489016,0.04769765304489016,False,0.09769765304489017,279096.36208328925
18226,388404.004460297,143543.58589028282,0.3695728783480037,0.05,0.05543593175220055,0.05543593175220055,False,0.10543593175220056,347452.2663537397
18227,265664.6299586285,347868.51318465883,1.3094272776877818,0.05,0.19641409165316726,0.1,True,0.15000000000000002,225814.9354648342
18228,402420.04266919877,151041.7580433787,0.3753335868699252,0.05,0.056300038030488775,0.056300038030488775,False,0.10630003803048878,359642.776829232
18229,492681.93040177354,137808.7517772445,0.27971139851803345,0.05,0.04195670977770501,0.04195670977770501,False,0.09195670977770501,447376.5211150982
18230,415376.3103280545,186329.03400080517,0.44857886539953823,0.05,0.06728682980993073,0.06728682980993073,False,0.11728682980993073,366658.13971153094
18231,532740.8188161857,130227.48545095453,0.24444810844480755,0.05,0.036667216266721134,0.036667216266721134,False,0.08666721626672114,486569.65505773324
18232,385683.21769623965,155100.34602688672,0.4021443996275779,0.05,0.060321659944136685,0.060321659944136685,False,0.11032165994413669,343134.00490739464
18233,863450.8605363667,138815.29779139883,0.16076803456443162,0.05,0.024115205184664742,0.024115205184664742,False,0.07411520518466475,799456.0228408385
18234,385013.65659386205,252965.12697553332,0.6570289719420984,0.05,0.09855434579131477,0.09855434579131477,False,0.14855434579131477,327818.20471783896
18235,411284.8040523571,114110.76963374647,0.27744951554110914,0.05,0.04161742733116637,0.04161742733116637,False,0.09161742733116637,373603.94840467727
18236,306880.0766177269,60926.17015518082,0.19853413368074424,0.05,0.029780120052111635,0.029780120052111635,False,0.07978012005211163,282397.1472635634
18237,351168.2888934617,122213.64106112492,0.3480201513816141,0.05,0.05220302270724211,0.05220302270724211,False,0.1022030227072421,315277.8282896199
18238,233770.6968861062,104142.18845861236,0.44548863414370005,0.05,0.06682329512155501,0.06682329512155501,False,0.11682329512155501,206460.83377300904
18239,242286.80231572542,84742.62598881486,0.34976162621679335,0.05,0.052464243932519,0.052464243932519,False,0.102464243932519,217461.06830161694
18240,194249.4545347754,82437.92010488361,0.424392028808118,0.05,0.06365880432121769,0.06365880432121769,False,0.1136588043212177,172171.2937923041
18241,368945.6392527917,140817.54058373405,0.3816755792775467,0.05,0.057251336891632004,0.057251336891632004,False,0.10725133689163201,329375.726202592
18242,692970.7638835688,348853.6894772686,0.5034176153727058,0.05,0.07551264230590586,0.07551264230590586,False,0.12551264230590586,605994.1722678001
18243,752305.5273870322,148218.7505071679,0.19701935598156925,0.05,0.029552903397235385,0.029552903397235385,False,0.07955290339723539,692457.4384416053
18244,635940.126199826,322239.0572742703,0.5067128869503288,0.05,0.07600693304254931,0.07600693304254931,False,0.1260069330425493,555807.2612986942
18245,376618.26661052206,140253.8248185321,0.37240313933995906,0.05,0.05586047090099386,0.05586047090099386,False,0.10586047090099386,336749.27955721616
18246,631878.756659518,434761.56945343286,0.6880458709386555,0.05,0.10320688064079833,0.1,True,0.15000000000000002,537096.9431605903
18247,539877.5093425782,249569.45033590693,0.4622705076931499,0.05,0.06934057615397249,0.06934057615397249,False,0.11934057615397249,475448.21632506326
18248,545911.4180847106,278756.5732223027,0.5106260173130273,0.05,0.07659390259695409,0.07659390259695409,False,0.12659390259695408,476802.3611971297
18249,537466.822046606,233671.61610929744,0.4347647269081752,0.05,0.06521470903622628,0.06521470903622628,False,0.11521470903622628,475542.73852788104
18250,555897.5745940196,167026.36591981025,0.30046248365410144,0.05,0.045069372548115216,0.045069372548115216,False,0.09506937254811522,503048.74097634706
18251,216394.62025361086,80387.11028537946,0.3714838667946879,0.05,0.05572258001920319,0.05572258001920319,False,0.10572258001920319,193516.8226981234
18252,349987.89063030144,243871.7478158076,0.6968005303743887,0.05,0.1045200795561583,0.1,True,0.15000000000000002,297489.7070357562
18253,307697.1366269304,156365.62867056782,0.5081803177783694,0.05,0.07622704766675541,0.07622704766675541,False,0.1262270476667554,268857.4354949987
18254,447160.3356482514,231208.2462647758,0.5170589335245749,0.05,0.07755884002868622,0.07755884002868622,False,0.12755884002868623,390121.0819261225
18255,973278.5920650404,592304.6222020707,0.6085663724970632,0.05,0.09128495587455948,0.09128495587455948,False,0.14128495587455947,835768.9691314778
18256,622151.448189589,331336.4112158316,0.5325655227195791,0.05,0.07988482840793687,0.07988482840793687,False,0.12988482840793686,541343.4140977348
18257,511523.6487515532,257492.38294631074,0.5033831447964484,0.05,0.07550747171946726,0.07550747171946726,False,0.12550747171946725,447323.60887202894
18258,230918.26965289863,127955.64356069017,0.5541165874533219,0.05,0.08311748811799828,0.08311748811799828,False,0.13311748811799828,200179.00963615018
18259,736700.6492797049,297206.2416997941,0.40342877665491655,0.05,0.06051431649823748,0.06051431649823748,False,0.11051431649823748,655284.6805607505
18260,527916.7438794598,96419.7714361127,0.18264200284226711,0.05,0.027396300426340066,0.027396300426340066,False,0.07739630042634008,487057.9409700699
18261,443673.7539356342,243236.21091899613,0.5482321385057263,0.05,0.08223482077585893,0.08223482077585893,False,0.13223482077585894,385004.6346010031
18262,235910.95099202223,85096.8514878684,0.3607159868163395,0.05,0.054107398022450924,0.054107398022450924,False,0.10410739802245092,211350.87571924087
18263,605583.7514608585,393160.397538057,0.6492254730904362,0.05,0.09738382096356543,0.09738382096356543,False,0.14738382096356545,516330.50425710704
18264,227312.92145127204,106195.89603144224,0.4671793198267743,0.05,0.07007689797401614,0.07007689797401614,False,0.12007689797401615,200017.8909739921
18265,396999.1207562296,231369.14955472504,0.5827951183216681,0.05,0.0874192677482502,0.0874192677482502,False,0.1374192677482502,342443.7922852094
18266,309123.27664874634,191862.80486174367,0.62066760854038,0.05,0.093100141281057,0.093100141281057,False,0.143100141281057,264887.6920870475
18267,513545.3821741239,118532.24272306636,0.23081162218079598,0.05,0.0346217433271194,0.0346217433271194,False,0.0846217433271194,470088.27665695775
18268,665525.352485084,187479.0879274957,0.281700895732139,0.05,0.04225513435982085,0.04225513435982085,False,0.09225513435982086,604127.2216717055
18269,342149.4125746446,172755.15031463883,0.504911433325784,0.05,0.0757367149988676,0.0757367149988676,False,0.1257367149988676,299128.66939871653
18270,1967135.5131932537,1487421.2845330203,0.7561356472683916,0.05,0.11342034709025872,0.1,True,0.15000000000000002,1672065.1862142656
18271,1102899.1772464782,692865.4126750866,0.628221896406623,0.05,0.09423328446099344,0.09423328446099344,False,0.14423328446099343,943824.4064828912
18272,323624.23468770494,197772.76996370184,0.6111185404719494,0.05,0.0916677810707924,0.0916677810707924,False,0.14166778107079242,277777.1074587644
18273,388650.7805090144,134655.88604596927,0.34647012896670626,0.05,0.05197051934500594,0.05197051934500594,False,0.10197051934500595,349019.85857666825
18274,700063.0900133777,243887.4913445108,0.3483793029851785,0.05,0.05225689544777677,0.05225689544777677,False,0.10225689544777677,628476.8118110322
18275,1933431.943521309,1601505.1928062174,0.8283225060869936,0.05,0.12424837591304905,0.1,True,0.15000000000000002,1643417.1519931126
18276,945981.4446497964,575089.9883688155,0.6079294595273109,0.05,0.09118941892909664,0.09118941892909664,False,0.14118941892909664,812418.8741619842
18277,330105.54237382393,129996.41626394202,0.39380258607330254,0.05,0.05907038791099538,0.05907038791099538,False,0.10907038791099538,294100.80281554145
18278,411889.06774740503,142890.0033993214,0.3469138041967894,0.05,0.05203707062951841,0.05203707062951841,False,0.10203707062951842,369861.1138501366
18279,1048238.5865002708,1166465.2964089657,1.1127860693464984,0.05,0.16691791040197476,0.1,True,0.15000000000000002,891002.7985252301
18280,371264.84147459903,310500.3076495257,0.8363310310135287,0.05,0.12544965465202929,0.1,True,0.15000000000000002,315575.1152534092
18281,537849.8245036387,205403.6129739975,0.3818977038126892,0.05,0.05728465557190338,0.05728465557190338,False,0.10728465557190339,480146.7913323571
18282,204427.81926610463,177510.8706649306,0.8683303050543424,0.05,0.13024954575815134,0.1,True,0.15000000000000002,173763.64637618893
18283,278230.0743161312,119594.94166291377,0.4298418923866129,0.05,0.06447628385799194,0.06447628385799194,False,0.11447628385799194,246379.32935088756
18284,477107.45221722015,68259.38314514642,0.1430692034423912,0.05,0.021460380516358683,0.021460380516358683,False,0.07146038051635868,443013.1721345872
18285,313764.26001221396,108776.30048045013,0.3466816152872726,0.05,0.05200224229309089,0.05200224229309089,False,0.10200224229309089,281759.60193953576
18286,556749.5960962605,223972.87839595584,0.4022865574872039,0.05,0.060342983623080576,0.060342983623080576,False,0.11034298362308058,495316.18453205406
18287,692165.3642838694,338441.4774575157,0.48896043477655843,0.05,0.07334406521648376,0.07334406521648376,False,0.12334406521648376,606790.8744510486
18288,958156.7033699825,287087.9156526029,0.29962522272491665,0.05,0.044943783408737496,0.044943783408737496,False,0.09494378340873749,867185.680853593
18289,229856.65133852937,177968.86678229627,0.7742602432686903,0.05,0.11613903649030353,0.1,True,0.15000000000000002,195378.15363774996
18290,1464133.9659085886,595787.2059020391,0.4069212379294234,0.05,0.06103818568941351,0.06103818568941351,False,0.11103818568941351,1301559.1867278533
18291,373486.3673061206,297516.14788873825,0.7965917204278707,0.05,0.1194887580641806,0.1,True,0.15000000000000002,317463.4122102025
18292,454920.98361486674,142755.16604501638,0.31380211330474045,0.05,0.04707031699571106,0.04707031699571106,False,0.09707031699571106,410761.659527371
18293,556707.507249689,254828.37057398923,0.4577419331614943,0.05,0.06866128997422415,0.06866128997422415,False,0.11866128997422415,490647.8763011062
18294,191879.03645547817,98390.54667909276,0.512773820927136,0.05,0.0769160731390704,0.0769160731390704,False,0.12691607313907038,167526.50263084035
18295,596692.5648688272,97886.04761417315,0.16404770794436116,0.05,0.024607156191654173,0.024607156191654173,False,0.07460715619165417,552175.0294832599
18296,281403.4847109263,62980.52445442113,0.22380861601311836,0.05,0.03357129240196775,0.03357129240196775,False,0.08357129240196776,257886.2318072168
18297,1410309.8267591095,879179.0981022306,0.6233942935238445,0.05,0.09350914402857667,0.09350914402857667,False,0.14350914402857667,1207917.4707058193
18298,288279.7857420064,94567.22750427556,0.3280397453497059,0.05,0.049205961802455886,0.049205961802455886,False,0.09920596180245589,259680.71232926473
18299,870235.6350196647,165703.86511530157,0.1904126404931202,0.05,0.02856189607396803,0.02856189607396803,False,0.07856189607396803,801868.2735013862
18300,750209.1791478789,168218.18490100175,0.2242283746675447,0.05,0.033634256200131704,0.033634256200131704,False,0.0836342562001317,687465.9924553346
18301,333958.2761132836,123416.43633832561,0.3695564541016523,0.05,0.05543346811524784,0.05543346811524784,False,0.10543346811524784,298747.89685687056
18302,226476.37418974654,70270.34861838297,0.3102767291722404,0.05,0.04654150937583606,0.04654150937583606,False,0.09654150937583605,204612.00318750177
18303,434683.2019996884,160487.5926742094,0.36920587668424426,0.05,0.05538088150263664,0.05538088150263664,False,0.10538088150263664,388875.90299857256
18304,623154.32253746,164688.7619178167,0.26428246737856287,0.05,0.03964237010678443,0.03964237010678443,False,0.08964237010678444,567293.2921229145
18305,347456.85103624663,103322.4261291693,0.29736764671936405,0.05,0.044605147007904605,0.044605147007904605,False,0.09460514700790461,314585.64456505893
18306,413714.40148466127,180875.05081325368,0.437197859596289,0.05,0.06557967893944334,0.06557967893944334,False,0.11557967893944335,365897.4237884402
18307,503499.61214621266,478557.21160079463,0.9504619269931533,0.05,0.142569289048973,0.1,True,0.15000000000000002,427974.67032428074
18308,798010.8709400264,366515.4768352506,0.45928632075338693,0.05,0.06889294811300804,0.06889294811300804,False,0.11889294811300805,703133.0058677373
18309,211481.38692501816,98224.73304054761,0.46446041644021235,0.05,0.06966906246603186,0.06966906246603186,False,0.11966906246603186,186173.60762268511
18310,755827.3527056278,224123.13428385905,0.2965268900120744,0.05,0.044479033501811156,0.044479033501811156,False,0.09447903350181117,684417.5149277676
18311,350415.4347990755,112175.49799062009,0.3201214525694062,0.05,0.048018217885410934,0.048018217885410934,False,0.09801821788541093,316068.3383605287
18312,1465114.7111718543,858603.2313400196,0.5860314040893605,0.05,0.08790471061340407,0.08790471061340407,False,0.1379047106134041,1263068.4909122586
18313,1856436.4953875842,972823.4753436402,0.5240273382691367,0.05,0.07860410074037051,0.07860410074037051,False,0.1286041007403705,1617691.149316659
18314,668967.7556335304,317954.45257603016,0.4752911480388449,0.05,0.07129367220582673,0.07129367220582673,False,0.12129367220582674,587826.1999654494
18315,395898.6262578989,243264.50140321697,0.6144615951376098,0.05,0.09216923927064147,0.09216923927064147,False,0.14216923927064146,339614.0197345214
18316,226403.66431929584,166166.11149347032,0.7339373768223432,0.05,0.11009060652335147,0.1,True,0.15000000000000002,192443.11467140148
18317,893631.8826132333,613385.6859995085,0.6863963763309279,0.05,0.10295945644963918,0.1,True,0.15000000000000002,759587.1002212482
18318,665917.655070205,175008.68789469637,0.26280830154029466,0.05,0.0394212452310442,0.0394212452310442,False,0.0894212452310442,606370.4691324902
18319,407382.4753973125,86529.14750810142,0.21240272405854269,0.05,0.0318604086087814,0.0318604086087814,False,0.08186040860878141,374033.97950123163
18320,254282.46809768354,90162.18454998118,0.35457491515044226,0.05,0.053186237272566335,0.053186237272566335,False,0.10318623727256634,228044.01701030217
18321,722746.214677803,475415.913592802,0.6577909422946481,0.05,0.09866864134419721,0.09866864134419721,False,0.14866864134419722,615296.5169049925
18322,270910.37740780466,80053.20167444216,0.2954969921803221,0.05,0.04432454882704832,0.04432454882704832,False,0.09432454882704833,245356.8782862481
18323,215304.5055406612,77093.47544348339,0.3580671721192753,0.05,0.05371007581789129,0.05371007581789129,False,0.1037100758178913,192975.25894710564
18324,477843.23282506136,127813.37983251543,0.26747973195491076,0.05,0.040121959793236614,0.040121959793236614,False,0.09012195979323662,434779.064208931
18325,731019.2117012527,399638.6849948198,0.5466869797645497,0.05,0.08200304696468246,0.08200304696468246,False,0.13200304696468246,634522.4483669671
18326,293269.8249239187,296656.14643645927,1.0115467778296627,0.05,0.1517320166744494,0.1,True,0.15000000000000002,249279.3511853309
18327,248518.96096711408,106203.39810471263,0.4273452524162383,0.05,0.06410178786243574,0.06410178786243574,False,0.11410178786243574,220162.50320305148
18328,381459.05461925914,80436.12544108287,0.21086437578829412,0.05,0.031629656368244115,0.031629656368244115,False,0.08162965636824412,350320.68307213375
18329,618092.6928483233,311550.0847029023,0.5040507488726372,0.05,0.07560761233089558,0.07560761233089558,False,0.12560761233089557,540455.5455004717
18330,657352.6257790943,134226.59229822364,0.2041926768591489,0.05,0.030628901528872335,0.030628901528872335,False,0.08062890152887234,604351.005645406
18331,193692.07005927758,166779.47006104974,0.8610547143721914,0.05,0.1291582071558287,0.1,True,0.15000000000000002,164638.25955038593
18332,743003.8608442245,130862.48224655574,0.1761262479818956,0.05,0.02641893719728434,0.02641893719728434,False,0.07641893719728435,686224.2954650299
18333,742768.5754960869,448705.43895046995,0.6040985762635214,0.05,0.09061478643952821,0.09061478643952821,False,0.1406147864395282,638324.330878712
18334,624728.7921320677,279087.71673781157,0.44673419930806135,0.05,0.0670101298962092,0.0670101298962092,False,0.11701012989620921,551629.1950147926
18335,441247.1765979883,218273.52046559367,0.49467403315411673,0.05,0.07420110497311751,0.07420110497311751,False,0.12420110497311751,386443.78969824984
18336,328076.7542054235,191562.74376103136,0.5838961197509451,0.05,0.08758441796264177,0.08758441796264177,False,0.13758441796264176,282938.5049309977
18337,803592.8674069477,146889.14817414293,0.18279050764615207,0.05,0.02741857614692281,0.02741857614692281,False,0.07741857614692281,741379.8518104788
18338,257704.97036942723,86091.02326653249,0.33406815220955427,0.05,0.05011022283143314,0.05011022283143314,False,0.10011022283143314,231906.068360976
18339,475305.45312605245,282225.39317888767,0.5937768887832234,0.05,0.08906653331748351,0.08906653331748351,False,0.13906653331748353,409206.37149291666
18340,207922.35899342957,68308.33085676306,0.32852806782036187,0.05,0.049279210173054276,0.049279210173054276,False,0.09927921017305427,187279.99141524362
18341,407012.2555898843,246357.52407981566,0.6052828156802522,0.05,0.09079242235203783,0.09079242235203783,False,0.14079242235203782,349708.0141984177
18342,404116.28076879017,208111.43937785458,0.5149791020098069,0.05,0.07724686530147103,0.07724686530147103,False,0.12724686530147103,352693.7508236725
18343,251124.87103918867,61787.533959545166,0.24604306894757177,0.05,0.036906460342135766,0.036906460342135766,False,0.08690646034213577,229300.49739329747
18344,1125061.1030837197,760647.5096023458,0.6760943983553072,0.05,0.10141415975329607,0.1,True,0.15000000000000002,956301.9376211617
18345,608085.8066930993,248916.9001269936,0.40934502563159125,0.05,0.061401753844738685,0.061401753844738685,False,0.11140175384473869,540343.9813393953
18346,660898.1525279399,257743.154337488,0.38998921899178973,0.05,0.05849838284876846,0.05849838284876846,False,0.10849838284876846,589191.7717509196
18347,355036.18389037595,92395.22096851695,0.260241702566986,0.05,0.039036255385047895,0.039036255385047895,False,0.08903625538504789,323425.0915505796
18348,769787.0896195367,403576.02997176733,0.5242696784785423,0.05,0.07864045177178135,0.07864045177178135,False,0.12864045177178135,670761.3306427947
18349,378699.2732817669,149741.6846715794,0.39541054138798354,0.05,0.05931158120819753,0.05931158120819753,False,0.10931158120819753,337303.05691694166
18350,458997.1690922944,311536.14880464255,0.6787321791564239,0.05,0.10180982687346359,0.1,True,0.15000000000000002,390147.59372845024
18351,583144.8151287206,155188.03291012428,0.26612263177864115,0.05,0.03991839476679617,0.03991839476679617,False,0.08991839476679617,530709.3694357659
18352,317466.8988961971,135620.41492643818,0.42719545060596165,0.05,0.06407931759089425,0.06407931759089425,False,0.11407931759089425,281250.49171242147
18353,337059.7747360147,165994.55570635534,0.49247809483158383,0.05,0.07387171422473757,0.07387171422473757,False,0.12387171422473757,295307.6026432607
18354,760824.8979079181,317688.31006703037,0.4175577204959976,0.05,0.06263365807439963,0.06263365807439963,False,0.11263365807439964,675130.4065024677
18355,1146702.3664487253,478283.8899529291,0.41709505792174145,0.05,0.06256425868826121,0.06256425868826121,False,0.11256425868826121,1017624.6646333496
18356,445089.434278818,229966.41898332885,0.5166746304727392,0.05,0.07750119457091088,0.07750119457091088,False,0.1275011945709109,388339.99971737777
18357,357234.60133203183,85522.43291589973,0.23940131386212185,0.05,0.03591019707931828,0.03591019707931828,False,0.08591019707931828,326544.5063280453
18358,198348.10327142905,77848.13978082454,0.39248240087425196,0.05,0.058872360131137794,0.058872360131137794,False,0.1088723601311378,176753.4771407339
18359,417688.75584984897,298055.3209758954,0.7135823428367329,0.05,0.10703735142550994,0.1,True,0.15000000000000002,355035.4424723716
18360,558321.2076393617,153208.3920265151,0.274409049719418,0.05,0.041161357457912696,0.041161357457912696,False,0.0911613574579127,507423.8884534164
18361,257724.63697103327,199526.7210541569,0.7741856711843289,0.05,0.11612785067764933,0.1,True,0.15000000000000002,219065.94142537826
18362,259833.20701679515,61545.050052532606,0.23686368174085787,0.05,0.03552955226112868,0.03552955226112868,False,0.08552955226112868,237609.7891580755
18363,365869.0003063735,138559.01688017696,0.3787120984946787,0.05,0.0568068147742018,0.0568068147742018,False,0.1068068147742018,326791.6977590283
18364,367849.43874808575,105389.82648608467,0.28650261597451765,0.05,0.04297539239617765,0.04297539239617765,False,0.09297539239617765,333648.49283776875
18365,731090.2160769487,409646.2709438852,0.5603224635422684,0.05,0.08404836953134026,0.08404836953134026,False,0.13404836953134025,633088.7646315185
18366,737841.2100342452,543983.0452375999,0.7372630287380563,0.05,0.11058945431070843,0.1,True,0.15000000000000002,627165.0285291084
18367,389163.0886846774,86257.36392264446,0.22164836910454067,0.05,0.0332472553656811,0.0332472553656811,False,0.0832472553656811,356766.32966204686
18368,926419.9200124665,258476.83479311236,0.2790061280090287,0.05,0.0418509192013543,0.0418509192013543,False,0.0918509192013543,841327.3987928763
18369,188379.69039816968,108923.13485630654,0.5782106055386363,0.05,0.08673159083079544,0.08673159083079544,False,0.13673159083079545,162622.2356498152
18370,513053.8201315878,185245.43865445472,0.3610643394233826,0.05,0.05415965091350739,0.05415965091350739,False,0.1041596509135074,459614.3133268402
18371,534949.6191495829,135719.47868226288,0.25370515993266446,0.05,0.03805577398989967,0.03805577398989967,False,0.08805577398989967,487844.21638976433
18372,442808.02555235825,171386.29861190566,0.3870442465402893,0.05,0.058056636981043394,0.058056636981043394,False,0.1080566369810434,394959.6794829545
18373,331908.246134766,65459.588540751196,0.1972219410124941,0.05,0.029583291151874115,0.029583291151874115,False,0.07958329115187412,305493.89554691507
18374,285407.8567303805,74901.76120131402,0.26243762894051065,0.05,0.039365644341076596,0.039365644341076596,False,0.0893656443410766,259902.19971366436
18375,450591.97246387205,203063.86847778014,0.45066020010833985,0.05,0.06759903001625098,0.06759903001625098,False,0.11759903001625098,397602.79356901144
18376,661185.2675655585,103619.60969711922,0.15671796511534494,0.05,0.023507694767301742,0.023507694767301742,False,0.07350769476730175,612583.0627327127
18377,547262.6814812323,329353.50205282273,0.6018197717435946,0.05,0.09027296576153919,0.09027296576153919,False,0.1402729657615392,470496.5220992473
18378,477032.0265268773,356590.3596490587,0.7475186985772903,0.05,0.11212780478659354,0.1,True,0.15000000000000002,405477.2225478457
18379,746428.3758392317,235438.69417211972,0.3154203427856142,0.05,0.04731305141784213,0.04731305141784213,False,0.09731305141784213,673791.1529214521
18380,716340.299610327,96845.98882302816,0.13519550537043665,0.05,0.020279325805565497,0.020279325805565497,False,0.0702793258055655,665996.3863063564
18381,313889.51195854915,165363.35643675033,0.5268202668032677,0.05,0.07902304002049014,0.07902304002049014,False,0.12902304002049014,273390.53289510915
18382,317196.7108707335,83397.95949429588,0.26292189242871083,0.05,0.039438283864306624,0.039438283864306624,False,0.08943828386430663,288827.1814030524
18383,362663.9506414156,265070.65421983367,0.7308988217632983,0.05,0.10963482326449475,0.1,True,0.15000000000000002,308264.35804520326
18384,1393227.7680821293,903924.4604816507,0.6487987687224773,0.05,0.0973198153083716,0.0973198153083716,False,0.1473198153083716,1187977.7106057752
18385,204781.96649082995,69527.02894203714,0.33951734194890903,0.05,0.05092760129233635,0.05092760129233635,False,0.10092760129233636,184113.81382498288
18386,222570.82251154276,303968.8757055707,1.3657175377954427,0.05,0.2048576306693164,0.1,True,0.15000000000000002,189185.19913481135
18387,603196.2453307891,173935.2353220163,0.28835596485954795,0.05,0.04325339472893219,0.04325339472893219,False,0.0932533947289322,546946.1477659472
18388,203312.63340419426,75578.52905206566,0.3717355276285871,0.05,0.05576032914428806,0.05576032914428806,False,0.10576032914428807,181810.2223761747
18389,528058.0053313085,306562.90785841306,0.5805477897566815,0.05,0.08708216846350222,0.08708216846350222,False,0.13708216846350224,455670.6688859811
18390,322916.8914655422,61897.022235816985,0.19168096767840306,0.05,0.028752145151760458,0.028752145151760458,False,0.07875214515176046,297486.49355689256
18391,464021.7447917212,221354.1331700501,0.4770339658746082,0.05,0.07155509488119123,0.07155509488119123,False,0.12155509488119123,407617.5375766277
18392,282082.21135272103,73758.34882235929,0.2614781998079646,0.05,0.03922172997119469,0.03922172997119469,False,0.0892217299711947,256914.34846173108
18393,248743.3252745608,240004.66646474774,0.9648687706487504,0.05,0.14473031559731256,0.1,True,0.15000000000000002,211431.82648337667
18394,409596.1502479063,225298.51563626865,0.550050374008417,0.05,0.08250755610126255,0.08250755610126255,False,0.13250755610126255,355321.56539007067
18395,513178.5926016123,323009.1621044694,0.6294283642404894,0.05,0.0944142546360734,0.0944142546360734,False,0.1444142546360734,439068.28865586134
18396,1038274.6714792787,444497.00044407556,0.4281111854638424,0.05,0.06421667781957636,0.06421667781957636,False,0.11421667781957637,919686.3878387035
18397,725610.78551668,334356.86729258625,0.4607936843916996,0.05,0.06911905265875494,0.06911905265875494,False,0.11911905265875494,639176.7161469581
18398,2446761.602270143,1539675.6165290654,0.6292707941388858,0.05,0.09439061912083287,0.09439061912083287,False,0.14439061912083287,2093472.1796772762
18399,309826.4993061697,153707.15417638602,0.49610719070383014,0.05,0.07441607860557452,0.07441607860557452,False,0.12441607860557452,271279.1012144033
18400,418208.07074857655,62170.23318145872,0.14865861643984146,0.05,0.022298792465976217,0.022298792465976217,False,0.07229879246597622,387972.1322339289
18401,860611.0289219083,125194.82609525428,0.14547202149162142,0.05,0.02182080322374321,0.02182080322374321,False,0.07182080322374321,798801.2535615248
18402,1105882.3435083954,583340.979462485,0.5274891880557966,0.05,0.07912337820836948,0.07912337820836948,False,0.1291233782083695,963087.0794136028
18403,930014.2863983728,410820.77609369333,0.44173598416929877,0.05,0.06626039762539482,0.06626039762539482,False,0.11626039762539482,821890.4556644001
18404,288024.1288744313,79074.33035044276,0.27454064581136695,0.05,0.04118109687170504,0.04118109687170504,False,0.09118109687170504,261761.77287814333
18405,593964.2931404636,200136.21914362907,0.33694991677942476,0.05,0.05054248751691371,0.05054248751691371,False,0.10054248751691372,534245.6456118961
18406,477526.81412706274,102050.6529522253,0.21370664417824953,0.05,0.03205599662673743,0.03205599662673743,False,0.08205599662673743,438342.8754778758
18407,260389.91475255444,82582.72952317141,0.3171502613749416,0.05,0.04757253920624124,0.04757253920624124,False,0.09757253920624125,234983.00958645102
18408,336599.8890950039,130369.07647790981,0.3873117036028306,0.05,0.058096755540424594,0.058096755540424594,False,0.1080967555404246,300214.5331685672
18409,310645.14148095343,110955.22519865498,0.3571767601762346,0.05,0.05357651402643519,0.05357651402643519,False,0.1035765140264352,278469.6006271075
18410,360268.9912550795,150289.24292740726,0.4171584193350648,0.05,0.06257376290025972,0.06257376290025972,False,0.11257376290025972,319712.15525321447
18411,475185.3844639284,153078.33845355513,0.3221444586858403,0.05,0.04832166880287604,0.04832166880287604,False,0.09832166880287604,428464.3644726987
18412,206550.90947576688,72091.66867053253,0.3490261497928215,0.05,0.052353922468923224,0.052353922468923224,False,0.10235392246892322,185409.61370139866
18413,584061.4132106025,200439.3314339716,0.34318194439887884,0.05,0.05147729165983182,0.05147729165983182,False,0.10147729165983183,524792.4428349766
18414,484106.6269485989,207432.1165991025,0.4284843566521288,0.05,0.06427265349781931,0.06427265349781931,False,0.11427265349781932,428786.4781113035
18415,206280.82277080542,112910.00235899424,0.547360636060902,0.05,0.0821040954091353,0.0821040954091353,False,0.1321040954091353,179030.28127841602
18416,1290840.5450704175,881526.425360389,0.6829088447266741,0.05,0.10243632670900112,0.1,True,0.15000000000000002,1097214.4633098547
18417,423793.8020791678,81106.4948230887,0.19138197497267176,0.05,0.028707296245900762,0.028707296245900762,False,0.07870729624590077,390438.1377517461
18418,535735.3639462846,162849.08391135372,0.3039729965029558,0.05,0.04559594947544337,0.04559594947544337,False,0.09559594947544336,484521.23316226737
18419,1124435.4297211815,513235.54336437164,0.4564384310548051,0.05,0.06846576465822075,0.06846576465822075,False,0.11846576465822076,991228.3267304667
18420,706501.7586170774,118017.62116176262,0.16704504938922304,0.05,0.025056757408383454,0.025056757408383454,False,0.07505675740838345,653474.0275119591
18421,196980.28990755952,89231.26091076051,0.45299588579464306,0.05,0.06794938286919645,0.06794938286919645,False,0.11794938286919646,173746.58627556748
18422,197356.1935279526,149845.4312535551,0.7592638902023194,0.05,0.11388958353034791,0.1,True,0.15000000000000002,167752.7644987597
18423,440144.90667185734,179538.5341642351,0.4079077854650424,0.05,0.06118616781975636,0.06118616781975636,False,0.11118616781975636,391206.8812136292
18424,329623.9796622897,95677.10567810119,0.29026136319367735,0.05,0.0435392044790516,0.0435392044790516,False,0.0935392044790516,298791.21482746006
18425,309816.6515462919,375282.5414421371,1.211305265772855,0.05,0.18169578986592824,0.1,True,0.15000000000000002,263344.1538143481
18426,983467.2487772531,709334.1290396072,0.7212585166628821,0.05,0.10818877749943231,0.1,True,0.15000000000000002,835947.161460665
18427,308935.0181807723,68898.24016803654,0.2230185511948696,0.05,0.033452782679230436,0.033452782679230436,False,0.08345278267923044,283153.5312465282
18428,298588.86090991134,70864.17225728469,0.23733026088560435,0.05,0.035599539132840655,0.035599539132840655,False,0.08559953913284066,273029.79202582303
18429,177343.83784123234,112335.24080562554,0.6334318811020321,0.05,0.0950147821653048,0.0950147821653048,False,0.1450147821653048,151626.35982832688
18430,1096494.3870846326,619326.3426593777,0.5648239972354506,0.05,0.0847235995853176,0.0847235995853176,False,0.1347235995853176,948770.7163314944
18431,404693.29116539116,123074.29547052324,0.3041174592148722,0.05,0.04561761888223083,0.04561761888223083,False,0.09561761888223083,365997.4822865431
18432,607801.1229398559,259384.98970236047,0.4267596421140991,0.05,0.06401394631711486,0.06401394631711486,False,0.11401394631711487,538503.3183375091
18433,470134.3282707484,181823.16430889757,0.3867472621658599,0.05,0.05801208932487899,0.05801208932487899,False,0.10801208932487899,419354.1372108763
18434,629785.1835270633,219927.1399302666,0.34920977133596826,0.05,0.05238146570039524,0.05238146570039524,False,0.10238146570039525,565306.8533611703
18435,242884.1553653096,360867.85868341936,1.485761218720326,0.05,0.2228641828080489,0.1,True,0.15000000000000002,206451.53206051316
18436,501028.77650195523,172845.15422313754,0.34498049279703,0.05,0.0517470739195545,0.0517470739195545,False,0.10174707391955451,450050.56454338686
18437,441816.8354181094,167293.74183237116,0.37864954076286894,0.05,0.056797431114430336,0.056797431114430336,False,0.10679743111443034,394631.93237234827
18438,388030.94168297946,102466.55097603204,0.264067990381414,0.05,0.039610198557212095,0.039610198557212095,False,0.0896101985572121,353259.41195242567
18439,578112.8374272141,299870.6136628584,0.5187060280435527,0.05,0.0778059042065329,0.0778059042065329,False,0.1278059042065329,504226.60350642464
18440,299085.364828261,81847.64318660423,0.27365980690363195,0.05,0.04104897103554479,0.04104897103554479,False,0.0910489710355448,271853.95010885736
18441,268349.15473236784,70345.4973904214,0.26214167680378553,0.05,0.039321251520567826,0.039321251520567826,False,0.08932125152056783,244379.87238718625
18442,1869678.3568305676,1303535.6149284048,0.6971977881469014,0.05,0.1045796682220352,0.1,True,0.15000000000000002,1589226.6033059824
18443,384353.11055593984,220132.98498420842,0.5727363170439846,0.05,0.0859104475565977,0.0859104475565977,False,0.1359104475565977,332115.50728051155
18444,210448.9016960353,132326.24371533425,0.6287808710280723,0.05,0.09431713065421085,0.09431713065421085,False,0.14431713065421087,180077.5200539334
18445,308332.0773855936,211927.43338445853,0.6873350161340058,0.05,0.10310025242010087,0.1,True,0.15000000000000002,262082.26577775457
18446,323870.8073352446,107493.94427059579,0.3319037771728739,0.05,0.049785566575931084,0.049785566575931084,False,0.09978556657593109,291553.175327893
18447,375903.16383530793,204950.36862714915,0.5452211855203825,0.05,0.08178317782805737,0.08178317782805737,False,0.13178317782805737,326365.45034947013
18448,682993.4793199721,166149.13645008043,0.24326606546157387,0.05,0.036489909819236076,0.036489909819236076,False,0.08648990981923607,623921.4348864615
18449,466852.4173265289,247226.38310907607,0.5295600363918849,0.05,0.07943400545878272,0.07943400545878272,False,0.12943400545878272,406425.8389938411
18450,366528.26365394425,193907.18946401333,0.5290374813962226,0.05,0.07935562220943339,0.07935562220943339,False,0.1293556222094334,319115.77205164504
18451,626121.0335525464,211017.32500213548,0.3370232170685033,0.05,0.050553482560275496,0.050553482560275496,False,0.10055348256027549,563162.3831245988
18452,494216.90509467426,209095.66805738205,0.4230848153956344,0.05,0.06346272230934516,0.06346272230934516,False,0.11346272230934516,438141.70963133324
18453,256988.61459586726,131174.25100336195,0.5104282585033688,0.05,0.07656423877550532,0.07656423877550532,False,0.12656423877550532,224463.04621556963
18454,524840.1841635824,274407.96658367955,0.5228409997245027,0.05,0.0784261499586754,0.0784261499586754,False,0.1284261499586754,457436.97996785137
18455,348240.153489066,59871.494360925746,0.17192587862446362,0.05,0.025788881793669543,0.025788881793669543,False,0.07578888179366955,321847.4216604738
18456,332422.328583186,219850.19157329726,0.661358075765604,0.05,0.0992037113648406,0.0992037113648406,False,0.14920371136484062,282823.68341803213
18457,510440.57645018824,155413.13024241,0.304468604990646,0.05,0.045670290748596895,0.045670290748596895,False,0.0956702907485969,461606.5780913173
18458,243000.7685100325,90893.45157058947,0.37404594284991677,0.05,0.05610689142748752,0.05610689142748752,False,0.10610689142748753,217216.71234894244
18459,747384.520966729,300137.7261753335,0.4015840812265024,0.05,0.06023761218397536,0.06023761218397536,False,0.11023761218397536,664994.6359920925
18460,297242.84667001676,111808.68760262895,0.37615266054410057,0.05,0.05642289908161508,0.05642289908161508,False,0.10642289908161509,265609.4011961216
18461,222387.73719296724,70040.22683342834,0.3149464431694541,0.05,0.04724196647541811,0.04724196647541811,False,0.0972419664754181,200762.31630830464
18462,200096.60328311718,85987.7519684803,0.4297311926220757,0.05,0.06445967889331135,0.06445967889331135,False,0.11445967889331135,177193.61032368927
18463,750713.8200215062,278503.2882504832,0.37098462932586584,0.05,0.05564769439887988,0.05564769439887988,False,0.10564769439887989,671402.6357828584
18464,350347.6355115481,160280.497389404,0.45748987903222443,0.05,0.06862348185483366,0.06862348185483366,False,0.11862348185483367,308788.1791275601
18465,330168.5770160473,364823.98915825295,1.1049627813022354,0.05,0.1657444171953353,0.1,True,0.15000000000000002,280643.29046364024
18466,242825.9871901025,114842.83042217605,0.4729429158349037,0.05,0.07094143737523556,0.07094143737523556,False,0.12094143737523556,213458.26326727096
18467,719041.6218081838,263906.8893427516,0.3670258874292997,0.05,0.05505388311439496,0.05505388311439496,False,0.10505388311439495,643503.5073163619
18468,1153413.1709473305,606993.8883099202,0.5262588494731503,0.05,0.07893882742097254,0.07893882742097254,False,0.12893882742097254,1004693.429153476
18469,377063.2146211817,224566.74973003563,0.5955679075076248,0.05,0.08933518612614372,0.08933518612614372,False,0.1393351861261437,324525.0414306173
18470,305863.7449426821,124292.48005452793,0.4063655209538481,0.05,0.06095482814307721,0.06095482814307721,False,0.11095482814307722,271926.6856873688
18471,873476.3247173231,390690.11405558,0.44728185870637793,0.05,0.06709227880595668,0.06709227880595668,False,0.11709227880595668,771198.9913731199
18472,539106.9202660386,93942.9071502377,0.17425654099168073,0.05,0.02613848114875211,0.02613848114875211,False,0.07613848114875212,498060.13818020106
18473,560083.96083515,467529.8880599163,0.8347496460401672,0.05,0.12521244690602507,0.1,True,0.15000000000000002,476071.36670987745
18474,414585.2162171217,302757.43603890867,0.7302658758588056,0.05,0.10953988137882084,0.1,True,0.15000000000000002,352397.43378455343
18475,698727.5867816899,188649.5016957285,0.26999005802052306,0.05,0.04049850870307846,0.04049850870307846,False,0.09049850870307846,635493.782188246
18476,480560.6783389948,272053.8062057416,0.5661174924799626,0.05,0.08491762387199438,0.08491762387199438,False,0.13491762387199438,415724.5734911838
18477,712744.812977331,301276.3398323136,0.42269874763984533,0.05,0.06340481214597679,0.06340481214597679,False,0.1134048121459768,631916.1213536174
18478,393447.3732211405,315127.7032302038,0.8009399088123625,0.05,0.12014098632185438,0.1,True,0.15000000000000002,334430.2672379694
18479,833966.5319218861,146071.93951624003,0.17515323927881787,0.05,0.02627298589182268,0.02627298589182268,False,0.07627298589182269,770357.4143983558
18480,487207.42605197156,293006.8916996998,0.6014007094966654,0.05,0.0902101064244998,0.0902101064244998,False,0.1402101064244998,418896.020994418
18481,720513.9868197918,299410.82589727466,0.41555171915373307,0.05,0.06233275787305996,0.06233275787305996,False,0.11233275787305996,639576.6635942111
18482,315990.50747527415,153763.47802952724,0.4866079024274456,0.05,0.07299118536411683,0.07299118536411683,False,0.12299118536411684,277126.4603970814
18483,1248961.3454093689,690693.5446707113,0.5530143484499309,0.05,0.08295215226748963,0.08295215226748963,False,0.13295215226748963,1082909.2464382937
18484,503569.68674898887,144949.67393389845,0.28784431975976066,0.05,0.043176647963964095,0.043176647963964095,False,0.0931766479639641,456648.75132145465
18485,249502.72324389167,104647.9258520116,0.4194259865841909,0.05,0.06291389798762863,0.06291389798762863,False,0.11291389798762863,221330.39820389534
18486,662891.5764627872,256890.27060449717,0.38752984609530366,0.05,0.05812947691429555,0.05812947691429555,False,0.10812947691429556,591213.4570489733
18487,735381.2898669927,452974.99456689716,0.6159729664169536,0.05,0.09239594496254304,0.09239594496254304,False,0.14239594496254304,630665.9761886086
18488,578156.3255790564,146570.12740216404,0.2535129703119061,0.05,0.038026945546785915,0.038026945546785915,False,0.08802694554678592,527262.990189779
18489,526202.6252019221,191680.3513454359,0.3642709902328623,0.05,0.054640648534929344,0.054640648534929344,False,0.10464064853492935,471140.4412400106
18490,470219.7459478506,94360.52992977033,0.2006732612633314,0.05,0.03010098918949971,0.03010098918949971,False,0.0801009891894997,432554.6791609925
18491,341693.57585889025,225464.74544813443,0.6598448474818414,0.05,0.0989767271222762,0.0989767271222762,False,0.14897672712227622,290789.1852487256
18492,281113.38499897835,96320.76161852712,0.3426402539277067,0.05,0.051396038089156,0.051396038089156,False,0.10139603808915601,252609.60150625036
18493,360936.8036162023,111719.52464703115,0.30952655292483483,0.05,0.04642898293872522,0.04642898293872522,False,0.09642898293872523,326132.0347383375
18494,569928.2582168469,254019.77424427914,0.44570482439147535,0.05,0.0668557236587213,0.0668557236587213,False,0.11685572365872131,503328.8791693626
18495,583965.2095568025,289062.399515482,0.49499935062032974,0.05,0.07424990259304946,0.07424990259304946,False,0.12424990259304947,511407.5891516401
18496,713196.6529464576,333083.5482942754,0.4670290401927633,0.05,0.0700543560289145,0.0700543560289145,False,0.1200543560289145,627574.2880549935
18497,1226284.9269682702,784722.3259342761,0.6399184306002488,0.05,0.09598776459003731,0.09598776459003731,False,0.14598776459003732,1047262.3317297152
18498,479850.3889880938,175930.9925687235,0.3666371781832373,0.05,0.0549955767274856,0.0549955767274856,False,0.1049955767274856,429468.2206533806
18499,659414.5279196802,294925.31538227363,0.4472532874164958,0.05,0.06708799311247436,0.06708799311247436,False,0.11708799311247436,582205.0042163552
18500,263031.53057939257,83390.51836006451,0.3170362054175638,0.05,0.047555430812634567,0.047555430812634567,False,0.09755543081263457,237371.37629641328
18501,279189.4303820978,56978.907776013686,0.20408690865564835,0.05,0.030613036298347253,0.030613036298347253,False,0.08061303629834726,256683.12269659084
18502,354355.25702591473,58754.08885409741,0.1658056080421028,0.05,0.024870841206315417,0.024870841206315417,False,0.07487084120631542,327824.3808465044
18503,576244.4531171276,292375.3355857627,0.507380737470343,0.05,0.07610711062055144,0.07610711062055144,False,0.12610711062055144,503575.93012340687
18504,297974.3153275858,69797.62553050867,0.23424040912309788,0.05,0.03513606136846468,0.03513606136846468,False,0.08513606136846469,272605.9557316302
18505,610993.1710468666,258994.57530275895,0.423891112987403,0.05,0.06358366694811045,0.06358366694811045,False,0.11358366694811045,541594.3261991093
18506,300054.2963398822,68239.11356286152,0.22742255116908788,0.05,0.03411338267536318,0.03411338267536318,False,0.08411338267536318,274815.7144884589
18507,385992.8086115563,271873.5407576376,0.7043487202147266,0.05,0.10565230803220899,0.1,True,0.15000000000000002,328093.88731982285
18508,309415.47540731146,120833.38591282186,0.39052146875898175,0.05,0.05857822031384726,0.05857822031384726,False,0.10857822031384726,275819.6937500226
18509,245068.80282119417,65257.64764953972,0.26628296583777195,0.05,0.03994244487566579,0.03994244487566579,False,0.0899424448756658,223026.7155327035
18510,602752.7254985652,345219.5488139928,0.5727382626572869,0.05,0.08591073939859303,0.08591073939859303,False,0.13591073939859305,520832.1569015381
18511,875561.051941623,274877.639567927,0.31394457183581315,0.05,0.04709168577537197,0.04709168577537197,False,0.09709168577537197,790551.3534093528
18512,258007.24658706537,216087.94754593918,0.8375266602173502,0.05,0.12562899903260252,0.1,True,0.15000000000000002,219306.15959900556
18513,260728.26334397699,156312.3435292972,0.599522052287348,0.05,0.0899283078431022,0.0899283078431022,False,0.1399283078431022,224244.99864738356
18514,585858.2022477766,161258.40804885956,0.2752516008654577,0.05,0.04128774012981865,0.04128774012981865,False,0.09128774012981866,532376.5309280588
18515,432131.89548539615,182726.715778447,0.42284940706169705,0.05,0.06342741105925455,0.06342741105925455,False,0.11342741105925455,383116.29334435926
18516,464768.0137736234,214543.49622057047,0.4616141598872359,0.05,0.06924212398308538,0.06924212398308538,False,0.11924212398308538,409348.08865185664
18517,388964.17285828735,157204.18346317566,0.40416108843127413,0.05,0.06062416326469112,0.06062416326469112,False,0.11062416326469113,345935.33669589664
18518,581432.3189856422,159525.99547725095,0.2743672655753941,0.05,0.04115508983630911,0.04115508983630911,False,0.09115508983630911,528431.8037147723
18519,437029.79063312814,98855.15558003163,0.22619775058542227,0.05,0.03392966258781334,0.03392966258781334,False,0.08392966258781334,400350.027764467
18520,461140.1493172341,162535.97054279584,0.352465450651927,0.05,0.052869817597789054,0.052869817597789054,False,0.10286981759778906,413702.74626995303
18521,465674.15188484744,296688.17988346517,0.6371154136054145,0.05,0.09556731204081216,0.09556731204081216,False,0.14556731204081216,397887.2173080853
18522,629082.6453829941,225560.68527779292,0.3585549322227265,0.05,0.05378323983340897,0.05378323983340897,False,0.10378323983340898,563794.4103221755
18523,514953.5136260408,167382.6911664647,0.32504427436146793,0.05,0.04875664115422019,0.04875664115422019,False,0.0987566411542202,464098.434269769
18524,277578.38199918787,184844.5017793484,0.6659182190199855,0.05,0.09988773285299782,0.09988773285299782,False,0.14988773285299783,235972.78763232622
18525,710969.7866263669,539798.2362651571,0.759242159679614,0.05,0.11388632395194209,0.1,True,0.15000000000000002,604324.3186324119
18526,1327651.425474553,688486.4321989571,0.5185746943727085,0.05,0.07778620415590627,0.07778620415590627,False,0.12778620415590627,1157995.8893709818
18527,233604.18765873252,102989.49150975677,0.44087176921764765,0.05,0.06613076538264714,0.06613076538264714,False,0.11613076538264715,206475.5545493324
18528,448575.116043531,97651.1162741303,0.2176917817809893,0.05,0.032653767267148394,0.032653767267148394,False,0.0826537672671484,411498.6928002349
18529,571535.3360369087,120018.84298287367,0.20999374039599727,0.05,0.03149906105939959,0.03149906105939959,False,0.0814990610593996,524955.7427876322
18530,629011.1700129316,256150.26721433585,0.407226897431837,0.05,0.061084034614775545,0.061084034614775545,False,0.11108403461477555,559138.0714301346
18531,452758.47965431877,147974.3331749793,0.3268284081348576,0.05,0.049024261220228633,0.049024261220228633,False,0.09902426122022864,407924.4056953559
18532,750651.9141341648,223342.0027204291,0.29753071765365663,0.05,0.04462960764804849,0.04462960764804849,False,0.0946296076480485,679618.0180193922
18533,527324.3146702348,126585.3863041841,0.24005224637393208,0.05,0.03600783695608981,0.03600783695608981,False,0.08600783695608982,481970.2909910954
18534,768289.2781200997,93233.85767789197,0.12135254302392798,0.05,0.018202881453589195,0.018202881453589195,False,0.0682028814535892,715889.7355624109
18535,429984.55059883074,230698.21064594714,0.5365267434019628,0.05,0.08047901151029442,0.08047901151029442,False,0.13047901151029442,373880.59147199715
18536,270105.8763799985,77235.4783981982,0.2859451983545129,0.05,0.04289177975317693,0.04289177975317693,False,0.09289177975317693,245015.26080126886
18537,432424.2673721772,191188.48493656237,0.44213171961510433,0.05,0.06631975794226565,0.06631975794226565,False,0.11631975794226565,382124.781263084
18538,922970.2779108346,405245.6100303845,0.4390668039144962,0.05,0.06586002058717443,0.06586002058717443,False,0.11586002058717443,816034.9225107352
18539,242936.08497799875,73105.74046593616,0.3009258195321494,0.05,0.04513887292982241,0.04513887292982241,False,0.09513887292982241,219823.4196592084
18540,615932.319389524,122601.133686785,0.1990496842385216,0.05,0.02985745263577824,0.02985745263577824,False,0.07985745263577824,566745.5333670301
18541,236707.10135528498,90775.62197080738,0.38349344591296364,0.05,0.05752401688694454,0.05752401688694454,False,0.10752401688694455,211255.4029918996
18542,336590.20007723046,71136.7853160454,0.2113453846835799,0.05,0.031701807702536985,0.031701807702536985,False,0.08170180770253699,309090.17227596213
18543,687127.606108313,147622.83066919958,0.2148404886616207,0.05,0.0322260732992431,0.0322260732992431,False,0.08222607329924311,630627.8012025174
18544,224092.47996257897,76253.68351860269,0.34027774395346166,0.05,0.05104166159301925,0.05104166159301925,False,0.10104166159301925,201449.80343665963
18545,515676.75503180345,213895.6778074199,0.4147863476883465,0.05,0.062217952153251974,0.062217952153251974,False,0.11221795215325198,457808.5656091003
18546,259156.42449289985,113855.96202980803,0.4393329713997785,0.05,0.06589994570996677,0.06589994570996677,False,0.11589994570996677,229120.20896378366
18547,499875.2419109499,300535.5612353744,0.601221136871014,0.05,0.0901831705306521,0.0901831705306521,False,0.1401831705306521,429801.1456300962
18548,302875.6945279454,51009.16540173965,0.16841617311432427,0.05,0.02526242596714864,0.02526242596714864,False,0.07526242596714865,280080.5349912872
18549,583021.107451392,240652.60454965394,0.41276825396877725,0.05,0.061915238095316585,0.061915238095316585,False,0.11191523809531659,517772.1613963743
18550,522597.0725466318,203366.03102507588,0.38914498704339634,0.05,0.05837174805650945,0.05837174805650945,False,0.10837174805650945,465962.3142655388
18551,302595.30535658216,170693.2734396853,0.5640975600680195,0.05,0.08461463401020292,0.08461463401020292,False,0.1346146340102029,261861.54907280026
18552,623914.8244792665,485509.33264474536,0.7781660470240669,0.05,0.11672490705361002,0.1,True,0.15000000000000002,530327.6008073766
18553,582582.2075343226,270400.1642796124,0.46414078696984906,0.05,0.06962111804547735,0.06962111804547735,False,0.11962111804547736,512893.0725156646
18554,535688.0753444902,343273.2661276132,0.6408081156312114,0.05,0.09612121734468171,0.09612121734468171,False,0.1461212173446817,457412.68165812374
18555,232942.59277638615,70962.68616183486,0.30463594191190135,0.05,0.0456953912867852,0.0456953912867852,False,0.0956953912867852,210651.06021329164
18556,1436192.018314017,926846.7502253074,0.6453501609856855,0.05,0.09680252414785283,0.09680252414785283,False,0.14680252414785283,1225355.40486452
18557,336853.84350647137,89733.81540642673,0.2663879814234711,0.05,0.03995819721352066,0.03995819721352066,False,0.08995819721352066,306551.0790201838
18558,257327.8006487204,160686.73434870463,0.6244437404105395,0.05,0.09366656106158093,0.09366656106158093,False,0.14366656106158093,220358.4004639787
18559,326526.2942667048,145219.55703531712,0.4447407745873679,0.05,0.06671111618810519,0.06671111618810519,False,0.11671111618810519,288417.045998072
18560,661680.224969809,236042.35311359016,0.35673176287588204,0.05,0.053509764431382306,0.053509764431382306,False,0.10350976443138231,593189.86075428
18561,335287.69284550217,118938.44181296119,0.35473548343979044,0.05,0.053210322515968564,0.053210322515968564,False,0.10321032251596857,300682.54193128285
18562,343565.2660362156,53799.865753354214,0.15659285460970643,0.05,0.023488928191455965,0.023488928191455965,False,0.07348892819145597,318317.0228714017
18563,331601.35037675814,232636.10534963524,0.7015535524367413,0.05,0.1052330328655112,0.1,True,0.15000000000000002,281861.1478202444
18564,273172.60464643285,128039.60861942705,0.4687132107743697,0.05,0.07030698161615545,0.07030698161615545,False,0.12030698161615545,240308.03312119714
18565,378297.2116677138,171401.7044708854,0.4530874116551514,0.05,0.0679631117482727,0.0679631117482727,False,0.1179631117482727,333672.0954136953
18566,323401.302445953,156748.31101857297,0.4846867029695059,0.05,0.07270300544542588,0.07270300544542588,False,0.12270300544542588,283718.9906708694
18567,1105593.2075010599,1200317.9704819666,1.0856777722024997,0.05,0.16285166583037494,0.1,True,0.15000000000000002,939754.2263759009
18568,339669.83443886804,77603.0246412966,0.22846604782993518,0.05,0.03426990717449028,0.03426990717449028,False,0.08426990717449029,311045.8890207301
18569,571859.0650716982,287705.78147315694,0.5031060956200548,0.05,0.07546591434300821,0.07546591434300821,False,0.12546591434300822,500110.2445971397
18570,269965.37766846066,148955.43526264338,0.5517575496127978,0.05,0.08276363244191966,0.08276363244191966,False,0.13276363244191966,234123.79349564112
18571,541614.0988817072,194325.69580653094,0.3587899506452346,0.05,0.05381849259678519,0.05381849259678519,False,0.10381849259678519,485384.53956664214
18572,279116.0369327112,79028.07365972293,0.2831369867822209,0.05,0.04247054801733313,0.04247054801733313,False,0.09247054801733313,253306.0240371172
18573,709010.2291867348,438313.9603048909,0.6182054112359646,0.05,0.0927308116853947,0.0927308116853947,False,0.1427308116853947,607812.6236816644
18574,733441.4336163502,515972.75288004876,0.7034955065682105,0.05,0.10552432598523157,0.1,True,0.15000000000000002,623425.2185738976
18575,1191597.6592404114,1074725.3742057073,0.9019196755478651,0.05,0.13528795133217977,0.1,True,0.15000000000000002,1012858.0103543496
18576,450371.542425865,96208.31884346507,0.21361988887053576,0.05,0.032042983330580366,0.032042983330580366,False,0.08204298333058037,413421.717478052
18577,448280.67500820255,164122.57157444896,0.3661156519215241,0.05,0.05491734778822862,0.05491734778822862,False,0.10491734778822862,401248.2555216251
18578,262941.58486592566,78336.57082527748,0.2979238558450974,0.05,0.044688578376764605,0.044688578376764605,False,0.09468857837676461,238044.01999883776
18579,879604.9911695252,608759.1278593988,0.6920823937685836,0.05,0.10381235906528753,0.1,True,0.15000000000000002,747664.2424940964
18580,818495.5656238755,163427.83618310723,0.19966856638806454,0.05,0.02995028495820968,0.02995028495820968,False,0.07995028495820969,753056.6119152156
18581,355283.05639188713,99215.74344578141,0.2792583030932488,0.05,0.04188874546398732,0.04188874546398732,False,0.09188874546398731,322636.5420554256
18582,619463.2339014171,155153.1694485281,0.25046388705163986,0.05,0.03756958305774598,0.03756958305774598,False,0.08756958305774598,565217.096789067
18583,616653.0391069617,354155.6989585586,0.5743192305862105,0.05,0.08614788458793157,0.08614788458793157,False,0.1361478845879316,532697.0323078298
18584,653365.1529227169,78209.74174091162,0.11970295843151989,0.05,0.017955443764727984,0.017955443764727984,False,0.06795544376472798,608965.4340154444
18585,258971.08975380036,45251.61103526136,0.17473614942224377,0.05,0.026210422413336567,0.026210422413336567,False,0.07621042241333657,239234.79361082116
18586,389742.0227445847,131605.17815390788,0.3376725384323122,0.05,0.05065088076484683,0.05065088076484683,False,0.10065088076484682,350514.1448842693
18587,594055.4467256842,368163.59941264236,0.619746189420343,0.05,0.09296192841305144,0.09296192841305144,False,0.14296192841305144,509128.13447750366
18588,256323.0203462575,120273.52200071997,0.46922637630536196,0.05,0.0703839564458043,0.0703839564458043,False,0.1203839564458043,225465.84102883664
18589,1094397.9013035614,595700.7848893651,0.5443182814767945,0.05,0.08164774222151917,0.08164774222151917,False,0.13164774222151918,950322.8885049785
18590,252296.26964298892,61461.91316244964,0.24361007497027654,0.05,0.03654151124554148,0.03654151124554148,False,0.08654151124554149,230462.16918647205
18591,562204.9843093778,209339.06927395746,0.3723536345575327,0.05,0.0558530451836299,0.0558530451836299,False,0.1058530451836299,502693.8747028153
18592,907000.4428501842,430418.29028577614,0.4745513562630878,0.05,0.07118270343946317,0.07118270343946317,False,0.12118270343946318,797087.6771648086
18593,463600.55621985614,133784.35430353222,0.28857677694434614,0.05,0.04328651654165192,0.04328651654165192,False,0.09328651654165193,420352.8752633335
18594,363874.33008266636,166983.6794825715,0.4589048077247865,0.05,0.06883572115871797,0.06883572115871797,False,0.11883572115871797,320633.0616561473
18595,487013.0507203924,133665.15184950456,0.27445907589496077,0.05,0.04116886138424412,0.04116886138424412,False,0.09116886138424413,442612.6254069471
18596,297493.5796713771,220012.34342705828,0.73955324908219,0.05,0.1109329873623285,0.1,True,0.15000000000000002,252869.54272067052
18597,1874499.8445334388,1312751.1965458747,0.7003207817670517,0.05,0.10504811726505775,0.1,True,0.15000000000000002,1593324.8678534229
18598,1087528.9882391945,452892.7910014539,0.4164420405333078,0.05,0.06246630607999617,0.06246630607999617,False,0.11246630607999616,965218.6201770167
18599,320436.4018277512,183983.33410381968,0.5741648984147528,0.05,0.08612473476221293,0.08612473476221293,False,0.13612473476221293,276817.08162079065
18600,654879.9615859992,120873.6513037472,0.1845737515177795,0.05,0.027686062727666924,0.027686062727666924,False,0.07768606272766693,604004.9158111372
18601,357060.72910582053,229641.04694796161,0.6431428276165982,0.05,0.09647142414248973,0.09647142414248973,False,0.14647142414248973,304761.5356083353
18602,423001.0180323548,232910.38417241577,0.5506142402584022,0.05,0.08259213603876032,0.08259213603876032,False,0.13259213603876033,366914.4095048747
18603,261521.01126054066,25253.70537921763,0.09656472823156298,0.05,0.014484709234734446,0.014484709234734446,False,0.06448470923473446,244656.90489063098
18604,634585.6051404747,445708.3047563106,0.7023611962607418,0.05,0.10535417943911127,0.1,True,0.15000000000000002,539397.7643694035
18605,206735.9372984555,125155.20371608711,0.6053867815705699,0.05,0.09080801723558549,0.09080801723558549,False,0.1408080172355855,177625.85987611968
18606,322715.69708716235,58368.858150850574,0.18086773800496514,0.05,0.02713016070074477,0.02713016070074477,False,0.07713016070074477,297824.5835101766
18607,301653.94167574146,123836.30670653249,0.4105244109147048,0.05,0.06157866163720572,0.06157866163720572,False,0.11157866163720573,267995.7985859745
18608,207253.9675277922,75462.56349022611,0.364106725629302,0.05,0.054616008844395304,0.054616008844395304,False,0.10461600884439531,185571.88462786868
18609,328751.3940642057,97305.83683926042,0.29598608126436243,0.05,0.044397912189654366,0.044397912189654366,False,0.09439791218965438,297717.9488351064
18610,590283.2138190522,97503.12699838332,0.16518024689801244,0.05,0.024777037034701865,0.024777037034701865,False,0.07477703703470187,546143.5840783421
18611,329644.5665243036,187896.55424973049,0.5699974255024692,0.05,0.08549961382537039,0.08549961382537039,False,0.1354996138253704,284977.85506062885
18612,666243.1330730036,624088.5106577685,0.9367278695679764,0.05,0.14050918043519645,0.1,True,0.15000000000000002,566306.6631120531
18613,458095.7354226396,435465.63113344274,0.9505996180725885,0.05,0.14258994271088826,0.1,True,0.15000000000000002,389381.3751092436
18614,1380833.4835362523,667427.4897385654,0.48335117716678894,0.05,0.07250267657501834,0.07250267657501834,False,0.12250267657501834,1211677.6858986549
18615,245257.4625781426,122608.3250802065,0.49991679678713835,0.05,0.07498751951807076,0.07498751951807076,False,0.12498751951807076,214603.34068720447
18616,605018.1695271318,302809.3689914992,0.5004963226611325,0.05,0.07507444839916988,0.07507444839916988,False,0.12507444839916987,529345.8557020504
18617,2427345.997384665,1953616.7892647637,0.8048365545619293,0.05,0.12072548318428938,0.1,True,0.15000000000000002,2063244.0977769652
18618,607310.0129687587,440569.593320802,0.7254443100108509,0.05,0.10881664650162763,0.1,True,0.15000000000000002,516213.5110234449
18619,572999.5528286111,96096.61833866686,0.16770801628777213,0.05,0.02515620244316582,0.02515620244316582,False,0.07515620244316581,529935.0824363806
18620,484830.67362782033,127859.8571962333,0.2637206434145393,0.05,0.039558096512180896,0.039558096512180896,False,0.0895580965121809,441410.1613669943
18621,185269.4173220601,268896.2152337774,1.4513793972069662,0.05,0.2177069095810449,0.1,True,0.15000000000000002,157479.00472375107
18622,451040.59875588916,157245.0893339957,0.348627351435163,0.05,0.052294102715274446,0.052294102715274446,False,0.10229410271527445,404901.8054179954
18623,336423.5756998019,123248.0180142938,0.3663477440839958,0.05,0.054952161612599366,0.054952161612599366,False,0.10495216161259938,301115.19421266776
18624,507052.4260208954,407700.4342274026,0.8040597250009044,0.05,0.12060895875013565,0.1,True,0.15000000000000002,430994.5621177611
18625,229235.79261022503,86102.414160265,0.3756063273533682,0.05,0.056340949103005224,0.056340949103005224,False,0.10634094910300523,204858.64085567405
18626,269510.8450457183,159423.3418225664,0.5915284848575304,0.05,0.08872927272862956,0.08872927272862956,False,0.13872927272862956,232121.80152004742
18627,586442.1681147098,173232.8384580583,0.29539628607363966,0.05,0.044309442911045945,0.044309442911045945,False,0.09430944291104595,531135.1339402655
18628,460533.5879731306,270566.0315999279,0.5875055341581598,0.05,0.08812583012372396,0.08812583012372396,False,0.13812583012372398,396922.00383448484
18629,293492.8294446491,83850.97903459711,0.28570026461382725,0.05,0.04285503969207408,0.04285503969207408,False,0.09285503969207409,266240.54111722705
18630,611488.9583814159,735238.0120023934,1.2023733248569781,0.05,0.1803559987285467,0.1,True,0.15000000000000002,519765.61462420353
18631,471208.73593787313,99325.31660150678,0.21078835986309558,0.05,0.031618253979464335,0.031618253979464335,False,0.08161825397946434,432749.5016507535
18632,534480.8670108478,190498.264447145,0.3564173690866256,0.05,0.05346260536299383,0.05346260536299383,False,0.10346260536299384,479182.0839932336
18633,601947.6348181266,292905.1120330078,0.48659566894304124,0.05,0.07298935034145618,0.07298935034145618,False,0.12298935034145618,527914.486272269
18634,835018.3831780476,127031.32657500077,0.15212997597912092,0.05,0.022819496396868137,0.022819496396868137,False,0.07281949639686813,774212.7650328951
18635,539272.0488454683,103166.13402347517,0.19130628825347862,0.05,0.02869594323802179,0.02869594323802179,False,0.07869594323802179,496833.52629967366
18636,919542.6114894937,374767.620497962,0.40755873171652784,0.05,0.061133809757479174,0.061133809757479174,False,0.11113380975747918,817350.3378403247
18637,766105.3101985791,176426.96234663483,0.2302907446247878,0.05,0.03454361169371817,0.03454361169371817,False,0.08454361169371817,701336.000336655
18638,488826.26286149025,267499.5651634514,0.5472283007004636,0.05,0.08208424510506954,0.08208424510506954,False,0.13208424510506955,424260.014943898
18639,470910.41850583325,280156.0473349185,0.5949242920210486,0.05,0.08923864380315728,0.08923864380315728,False,0.13923864380315729,405341.4904803038
18640,1131678.8906017295,712243.6200068269,0.6293690073410462,0.05,0.09440535110115693,0.09440535110115693,False,0.14440535110115693,968258.403070619
18641,519318.79790092964,121636.73227536667,0.23422362673374916,0.05,0.03513354401006237,0.03513354401006237,False,0.08513354401006237,475107.3481645782
18642,229837.00148428546,90630.57283174476,0.3943254230017503,0.05,0.05914881345026254,0.05914881345026254,False,0.10914881345026253,204750.5654853095
18643,498756.89515682735,206707.08066987176,0.4144445574128364,0.05,0.06216668361192546,0.06216668361192546,False,0.11216668361192547,442812.9882985052
18644,436765.07468274975,204617.12214569713,0.4684832510802828,0.05,0.07027248766204242,0.07027248766204242,False,0.12027248766204242,384234.25262675766
18645,504451.9937319008,89954.0401452732,0.17832031841087487,0.05,0.02674804776163123,0.02674804776163123,False,0.07674804776163123,465736.2880235148
18646,1453390.8283979394,679803.5872418515,0.4677362578317584,0.05,0.07016043867476375,0.07016043867476375,False,0.12016043867476375,1278750.7488917648
18647,578600.2794717248,287619.32352828013,0.4970950304256388,0.05,0.07456425456384581,0.07456425456384581,False,0.12456425456384582,506527.36696889653
18648,432965.1073865899,92677.07990997838,0.21405207562656545,0.05,0.03210781134398481,0.03210781134398481,False,0.08210781134398482,397415.29003076366
18649,1334314.4136305982,1067778.577650994,0.8002451047093357,0.05,0.12003676570640036,0.1,True,0.15000000000000002,1134167.2515860084
18650,454453.1017822829,162172.1673364091,0.35685127178227893,0.05,0.05352769076734184,0.05352769076734184,False,0.10352769076734183,407404.6215927074
18651,332311.71463402506,68778.88733955339,0.20697099834503152,0.05,0.031045649751754726,0.031045649751754726,False,0.08104564975175473,305379.2958013908
18652,269482.7057973547,86242.10239804856,0.32002833778469186,0.05,0.04800425066770378,0.04800425066770378,False,0.09800425066770378,243072.25514777968
18653,405946.3963815864,114190.57567006332,0.2812947144940907,0.05,0.0421942071741136,0.0421942071741136,False,0.09219420717411361,368520.49021199753
18654,508619.5219301435,237942.93377646268,0.4678210794455959,0.05,0.07017316191683938,0.07017316191683938,False,0.12017316191683938,447497.10576716694
18655,576000.9240416351,255529.53909182944,0.4436269603507771,0.05,0.06654404405261656,0.06654404405261656,False,0.11654404405261656,508871.44697577896
18656,217295.15810586215,111498.14986366851,0.5131184276519806,0.05,0.07696776414779709,0.07696776414779709,False,0.1269677641477971,189705.67772101876
18657,327438.10049626965,105185.54450402112,0.32123795106495084,0.05,0.048185692659742624,0.048185692659742624,False,0.09818569265974263,295288.363795853
18658,403269.64299744484,214240.80877807224,0.5312594500931221,0.05,0.07968891751396832,0.07968891751396832,False,0.12968891751396833,350970.0395308617
18659,485009.2183389142,232071.85135831597,0.4784895679985799,0.05,0.07177343519978698,0.07177343519978698,False,0.12177343519978698,425947.9797182211
18660,523760.6148075951,310382.8323019565,0.5926043759819101,0.05,0.08889065639728651,0.08889065639728651,False,0.1388906563972865,451015.1592219219
18661,433496.09869102034,187649.3258877049,0.43287431295074763,0.05,0.06493114694261214,0.06493114694261214,False,0.11493114694261214,383673.89487331355
18662,356641.50327394344,215360.84724147082,0.603858062688929,0.05,0.09057870940333936,0.09057870940333936,False,0.14057870940333936,306505.30102402566
18663,562039.4127392677,181155.9574577288,0.3223189572681583,0.05,0.04834784359022374,0.04834784359022374,False,0.09834784359022375,506764.04848364496
18664,644556.8990534879,310439.7958744941,0.481632880402592,0.05,0.0722449320603888,0.0722449320603888,False,0.1222449320603888,565763.0847196394
18665,486566.646015226,247678.07444095815,0.5090321674725061,0.05,0.07635482512087592,0.07635482512087592,False,0.12635482512087592,425086.602548321
18666,472262.9353421809,221678.23750528652,0.46939579822131977,0.05,0.07040936973319796,0.07040936973319796,False,0.12040936973319796,415398.0529492789
18667,900868.5338060742,534074.4535595356,0.5928439428371725,0.05,0.08892659142557587,0.08892659142557587,False,0.13892659142557587,775713.9390818401
18668,296743.6244444862,273254.0663390028,0.9208422484241856,0.05,0.13812633726362783,0.1,True,0.15000000000000002,252232.08077781327
18669,465490.9186363085,197439.29165768763,0.4241528325323751,0.05,0.06362292487985627,0.06362292487985627,False,0.11362292487985627,412600.47895583994
18670,1102252.6747535474,817038.5976147994,0.7412443773815119,0.05,0.11118665660722679,0.1,True,0.15000000000000002,936914.7735405152
18671,395807.6923231573,55332.76829442149,0.1397971018947379,0.05,0.020969565284210685,0.020969565284210685,False,0.0709695652842107,367717.3924628362
18672,494617.68127820257,250162.3414500316,0.5057691039340855,0.05,0.07586536559011282,0.07586536559011282,False,0.12586536559011283,432362.4459967877
18673,443476.24085017596,162994.9904040821,0.367539397582177,0.05,0.05513090963732655,0.05513090963732655,False,0.10513090963732655,396853.18024705484
18674,483718.57287174446,132289.59816070134,0.2734846366872443,0.05,0.04102269550308665,0.04102269550308665,False,0.09102269550308664,439689.20450405206
18675,1685889.7993163695,1394841.4842613386,0.8273621946268069,0.05,0.12410432919402103,0.1,True,0.15000000000000002,1433006.329418914
18676,783249.2414383916,368043.12052110455,0.4698927251371668,0.05,0.07048390877057502,0.07048390877057502,False,0.12048390877057502,688880.3112883064
18677,384663.28897439264,185062.64870821015,0.48110296462558955,0.05,0.07216544469383843,0.07216544469383843,False,0.12216544469383843,337670.7272194415
18678,716339.2346113047,155101.71740272362,0.21651992506997594,0.05,0.03247798876049639,0.03247798876049639,False,0.08247798876049639,657257.015270331
18679,978507.8060250287,182970.58820359036,0.18698940067414266,0.05,0.0280484101011214,0.0280484101011214,False,0.0780484101011214,902136.8274932387
18680,747365.9388023829,297235.67907878757,0.39771103236935457,0.05,0.05965665485540318,0.05965665485540318,False,0.10965665485540319,665412.2900004456
18681,305406.6401406076,180052.89137629385,0.5895513316062756,0.05,0.08843269974094134,0.08843269974094134,False,0.13843269974094136,263128.3744271332
18682,1719828.4831920564,1090411.5479288255,0.6340234265134317,0.05,0.09510351397701475,0.09510351397701475,False,0.14510351397701476,1470275.32684313
18683,685072.2439019049,93985.35404888773,0.13719042755780578,0.05,0.020578564133670867,0.020578564133670867,False,0.07057856413367086,636720.8285994765
18684,460014.7153582333,76525.15183577494,0.16635370409005612,0.05,0.024953055613508416,0.024953055613508416,False,0.07495305561350842,425535.2068149554
18685,848085.1238953478,121678.70715477073,0.14347463919174422,0.05,0.021521195878761633,0.021521195878761633,False,0.07152119587876163,787429.0616273648
18686,476737.06783272163,95876.92517441727,0.2011106994685354,0.05,0.03016660492028031,0.03016660492028031,False,0.08016660492028031,438518.675664923
18687,254537.8953367776,43295.59050274739,0.1700948711211085,0.05,0.025514230668166275,0.025514230668166275,False,0.07551423066816627,235316.6619945266
18688,233804.7683680502,83820.26549898222,0.3585053721703154,0.05,0.053775805825547314,0.053775805825547314,False,0.10377580582554732,209541.49012480033
18689,476835.79493598954,198346.94722064206,0.4159648862922889,0.05,0.06239473294384333,0.06239473294384333,False,0.11239473294384333,423241.96310609375
18690,432740.849184822,86199.15672848257,0.19919348240606524,0.05,0.029879022360909786,0.029879022360909786,False,0.0798790223609098,398173.9332163085
18691,740234.6099675217,436205.8855107344,0.5892805870423611,0.05,0.08839208805635416,0.08839208805635416,False,0.13839208805635417,637791.9966425354
18692,646057.0389625521,252817.92424769292,0.39132446363199086,0.05,0.058698669544798625,0.058698669544798625,False,0.10869866954479862,575831.4983772705
18693,635809.3930784921,163978.05452312052,0.25790442278489123,0.05,0.03868566341773368,0.03868566341773368,False,0.08868566341773368,579422.2152460995
18694,833717.6988176395,337282.3459355327,0.4045522200306642,0.05,0.06068283300459963,0.06068283300459963,False,0.11068283300459963,741439.4619864275
18695,562050.0238644676,128637.24483880721,0.22887152277717313,0.05,0.034330728416575966,0.034330728416575966,False,0.08433072841657596,514651.93594542315
18696,406876.4587125543,116901.12126175815,0.28731355368078737,0.05,0.0430970330521181,0.0430970330521181,False,0.09309703305211811,368997.46758766286
18697,313493.7059379475,223918.79587454913,0.7142688724949116,0.05,0.10714033087423673,0.1,True,0.15000000000000002,266469.6500472554
18698,285796.9265569779,96199.23926224688,0.3365999782473802,0.05,0.05048999673710703,0.05048999673710703,False,0.10048999673710704,257077.19433979198
18699,1125685.924417755,598150.2545401142,0.5313651361941821,0.05,0.07970477042912731,0.07970477042912731,False,0.12970477042912731,979679.0900158503
18700,1272558.914603037,802218.5542117426,0.6303979682245102,0.05,0.09455969523367654,0.09455969523367654,False,0.14455969523367654,1088598.1857411237
18701,220158.54557787924,108144.50601587663,0.4912119387962681,0.05,0.07368179081944022,0.07368179081944022,False,0.12368179081944022,192928.9423966038
18702,231875.409965724,150729.70221451495,0.650046083958605,0.05,0.09750691259379074,0.09750691259379074,False,0.14750691259379073,197672.18413526056
18703,545117.6720409227,234083.25489846081,0.4294178429806764,0.05,0.06441267644710146,0.06441267644710146,False,0.11441267644710146,482749.3002041075
18704,350696.69964579237,56954.95739880123,0.1624051707824065,0.05,0.024360775617360973,0.024360775617360973,False,0.07436077561736097,324618.6210536826
18705,241043.7273789569,164086.87494944702,0.6807348887842157,0.05,0.10211023331763236,0.1,True,0.15000000000000002,204887.16827211334
18706,637500.4315683865,319382.3798742316,0.5009916292738549,0.05,0.07514874439107823,0.07514874439107823,False,0.12514874439107823,557718.0530088324
18707,225139.3192512215,142486.1568664367,0.6328799311480714,0.05,0.09493198967221071,0.09493198967221071,False,0.14493198967221071,192509.4297586949
18708,827075.4984541433,405537.0464500695,0.4903265145782266,0.05,0.07354897718673399,0.07354897718673399,False,0.123548977186734,724891.1665639257
18709,316128.73572905373,69266.74181083724,0.2191092867628588,0.05,0.03286639301442882,0.03286639301442882,False,0.08286639301442883,289932.28767097543
18710,881890.7731758729,557700.7367240752,0.632392075852748,0.05,0.0948588113779122,0.0948588113779122,False,0.1448588113779122,754141.1240084679
18711,1619881.3439102124,1597790.3867438133,0.9863626078234384,0.05,0.14795439117351575,0.1,True,0.15000000000000002,1376899.1423236805
18712,432872.2793309227,208249.11691923172,0.4810867474376413,0.05,0.07216301211564619,0.07216301211564619,False,0.12216301211564619,379991.2978264918
18713,873885.6570655969,327026.87612798647,0.3742215854944953,0.05,0.056133237824174294,0.056133237824174294,False,0.1061332378241743,781137.3427931191
18714,222174.10154270014,58303.30051020518,0.26242167788849924,0.05,0.03936325168327488,0.03936325168327488,False,0.08936325168327489,202319.90138903435
18715,367060.69974443736,90167.78652602166,0.2456481627937836,0.05,0.036847224419067535,0.036847224419067535,False,0.08684722441906753,335182.49677831226
18716,393175.7756181016,183133.95336112235,0.4657813749415821,0.05,0.06986720624123731,0.06986720624123731,False,0.11986720624123731,346046.89383302815
18717,292416.4028934219,198407.98824446232,0.6785118286157731,0.05,0.10177677429236597,0.1,True,0.15000000000000002,248553.9424594086
18718,522967.5043681031,134568.635547448,0.25731739433800205,0.05,0.038597609150700304,0.038597609150700304,False,0.08859760915070031,476633.8338175807
18719,321842.1370129013,216185.12451736903,0.6717116861199037,0.05,0.10075675291798555,0.1,True,0.15000000000000002,273565.81646096613
18720,397058.43613931024,200808.73145133728,0.5057410022661812,0.05,0.07586115033992719,0.07586115033992719,False,0.12586115033992717,347084.2046146442
18721,638212.1430344342,210146.18909646105,0.32927325402694946,0.05,0.04939098810404242,0.04939098810404242,False,0.09939098810404243,574779.6075182433
18722,421067.7200473972,75803.58435124834,0.18002706154419904,0.05,0.027004059231629855,0.027004059231629855,False,0.07700405923162985,388643.79639234004
18723,306336.5132344615,84300.94233158563,0.27519064391473314,0.05,0.04127859658720997,0.04127859658720997,False,0.09127859658720996,278374.54622300057
18724,375997.2758523402,196131.23531011358,0.5216294050681827,0.05,0.0782444107602274,0.0782444107602274,False,0.1282444107602274,327777.7267632062
18725,581402.9764606574,292614.77183147904,0.5032908046202268,0.05,0.07549362069303402,0.07549362069303402,False,0.12549362069303402,508440.6118629027
18726,166478.89186919195,230246.20703042834,1.3830354373774936,0.05,0.20745531560662403,0.1,True,0.15000000000000002,141507.05808881315
18727,807673.290540986,459914.698771312,0.5694316057712612,0.05,0.08541474086568918,0.08541474086568918,False,0.13541474086568916,698302.4211982399
18728,561596.0923918936,325313.12690514466,0.57926529637983,0.05,0.0868897944569745,0.0868897944569745,False,0.13688979445697452,484719.31873652723
18729,342613.5391442025,127535.05520237185,0.372241726117816,0.05,0.055836258917672396,0.055836258917672396,False,0.1058362589176724,306352.6039066366
18730,225159.7175066386,118140.06713345705,0.5246945077108378,0.05,0.07870417615662567,0.07870417615662567,False,0.12870417615662566,196180.7215612881
18731,795511.0329054839,342847.0923513833,0.43097716834823285,0.05,0.06464657525223493,0.06464657525223493,False,0.11464657525223493,704308.4174075021
18732,1052711.564214836,787606.2799686756,0.7481691155887614,0.05,0.11222536733831422,0.1,True,0.15000000000000002,894804.8295826106
18733,249675.68791675312,118919.02259592168,0.4762939619318148,0.05,0.07144409428977222,0.07144409428977222,False,0.12144409428977222,219354.0501315272
18734,629362.9246910237,182486.48594605934,0.28995429947775897,0.05,0.04349314492166385,0.04349314492166385,False,0.09349314492166386,570521.8055645636
18735,554992.7679011062,179430.02013952658,0.323301546465375,0.05,0.04849523196980625,0.04849523196980625,False,0.09849523196980625,500328.62648512184
18736,230894.81741867753,131122.6259003125,0.5678889953712133,0.05,0.08518334930568199,0.08518334930568199,False,0.135183349305682,199681.68266269678
18737,339696.0105195586,87327.11997125129,0.25707431723347623,0.05,0.03856114758502143,0.03856114758502143,False,0.08856114758502143,309612.141997893
18738,303626.7165220317,161245.46751197535,0.5310648198518297,0.05,0.07965972297777446,0.07965972297777446,False,0.12965972297777445,264258.5605691338
18739,363210.3761668571,243685.0144715422,0.6709197491637587,0.05,0.10063796237456381,0.1,True,0.15000000000000002,308728.8197418285
18740,570061.84238364,204228.83360335627,0.3582573300282646,0.05,0.05373859950423969,0.05373859950423969,False,0.10373859950423969,510924.42522395455
18741,301727.6345613963,102804.53827687504,0.3407196640318211,0.05,0.05110794960477316,0.05110794960477316,False,0.10110794960477316,271220.5720917952
18742,627757.9352347043,371968.3843056058,0.5925347389938374,0.05,0.0888802108490756,0.0888802108490756,False,0.1388802108490756,540574.7808271282
18743,569388.1650843902,343790.01601756027,0.6037884822678153,0.05,0.0905682723401723,0.0905682723401723,False,0.1405682723401723,489350.2544275366
18744,365721.33961110987,150497.53482173826,0.41150875959759403,0.05,0.0617263139396391,0.0617263139396391,False,0.11172631393963911,324860.6424072936
18745,1103764.0184026412,457407.66666874,0.4144071187704568,0.05,0.062161067815568516,0.062161067815568516,False,0.11216106781556852,979964.6674821981
18746,1240879.6820006669,739808.8756422421,0.5961971062733902,0.05,0.08942956594100852,0.08942956594100852,False,0.13942956594100853,1067864.3665542973
18747,790784.8466370006,155700.3994752483,0.19689350414009707,0.05,0.029534025621014558,0.029534025621014558,False,0.07953402562101455,727890.5443838633
18748,408358.05485162087,93581.01049288549,0.22916411071379175,0.05,0.03437461660706876,0.03437461660706876,False,0.08437461660706877,373903.000535107
18749,542331.4399638732,151117.61656978203,0.27864439609079006,0.05,0.04179665941361851,0.04179665941361851,False,0.0917966594136185,492547.2254802123
18750,287484.0725451705,54538.32193114824,0.18970902091481603,0.05,0.028456353137222404,0.028456353137222404,False,0.0784563531372224,264929.1206282397
18751,612514.4480503683,110352.91608427058,0.18016377643910864,0.05,0.027024566465866293,0.027024566465866293,False,0.07702456646586629,565335.7882352093
18752,419749.18387281365,144962.1389686729,0.34535418897347336,0.05,0.051803128346021,0.051803128346021,False,0.10180312834602101,377017.40383387206
18753,2126131.750541141,1221761.423683537,0.5746405054026288,0.05,0.08619607581039432,0.08619607581039432,False,0.13619607581039433,1836560.949461553
18754,1036771.7617505724,429882.8118307048,0.4146359186180521,0.05,0.062195387792707814,0.062195387792707814,False,0.11219538779270782,920450.751888438
18755,427083.48708430526,218962.59612958302,0.5126927234401838,0.05,0.07690390851602756,0.07690390851602756,False,0.12690390851602756,372884.92331065255
18756,600086.815035643,197076.56410903035,0.3284134214768986,0.05,0.04926201322153479,0.04926201322153479,False,0.0992620132215348,540520.9896675063
18757,382234.88886893645,127825.14980504656,0.3344151816787091,0.05,0.050162277251806366,0.050162277251806366,False,0.10016227725180638,343949.37195473263
18758,200977.06940828884,135005.3404304678,0.6717449947297311,0.05,0.10076174920945967,0.1,True,0.15000000000000002,170830.50899704552
18759,824517.6706074923,231549.69337330828,0.2808304802039063,0.05,0.04212457203058594,0.04212457203058594,False,0.09212457203058594,748559.3330711215
18760,356987.606268642,191526.29642137,0.5365068508211507,0.05,0.0804760276231726,0.0804760276231726,False,0.13047602762317262,310409.2814920044
18761,452126.2566687725,179647.0607645277,0.3973382614143046,0.05,0.05960073921214569,0.05960073921214569,False,0.10960073921214569,402572.88472065475
18762,606176.9095999384,284295.16575231194,0.4689970225687739,0.05,0.07034955338531608,0.07034955338531608,False,0.12034955338531608,533223.7892570947
18763,556301.5822250673,147743.62326161913,0.265581885765418,0.05,0.0398372828648127,0.0398372828648127,False,0.08983728286481271,506324.959624571
18764,326513.98208568257,87411.91128199513,0.26771261286769893,0.05,0.040156891930154835,0.040156891930154835,False,0.09015689193015483,297076.49628909916
18765,486486.75591513515,137957.90344765777,0.2835799778107911,0.05,0.042536996671618664,0.042536996671618664,False,0.09253699667161866,441468.73260222975
18766,303431.1341368916,128207.30945374473,0.4225252290554488,0.05,0.06337878435831731,0.06337878435831731,False,0.11337878435831732,269028.4810119853
18767,359255.0525806889,133766.95385456912,0.3723453654824381,0.05,0.05585180482236571,0.05585180482236571,False,0.10585180482236571,321227.2568734691
18768,543850.068917086,222159.27036681253,0.40849359605520685,0.05,0.06127403940828102,0.06127403940828102,False,0.11127403940828103,483333.67491620977
18769,283951.4793016107,98645.54943527328,0.34740283684344836,0.05,0.052110425526517255,0.052110425526517255,False,0.10211042552651725,254957.0729212392
18770,392617.5460628255,289147.0550541088,0.7364598397439944,0.05,0.11046897596159916,0.1,True,0.15000000000000002,333724.9141534016
18771,781037.3048978978,256757.23210898717,0.3287387561373296,0.05,0.04931081342059944,0.04931081342059944,False,0.09931081342059944,703471.8548366548
18772,346023.7498324666,159824.89857301893,0.46188996752506417,0.05,0.06928349512875963,0.06928349512875963,False,0.11928349512875963,304748.8275548904
18773,570735.3926237094,101043.12514727801,0.1770402299439954,0.05,0.02655603449159931,0.02655603449159931,False,0.07655603449159931,527042.1542204323
18774,255393.81726330039,176428.70149113092,0.6908103860213667,0.05,0.103621557903205,0.1,True,0.15000000000000002,217084.7446738053
18775,890494.5503166001,349209.67530632287,0.39215251253605915,0.05,0.05882287688040887,0.05882287688040887,False,0.10882287688040887,793588.3715048217
18776,504476.11584852374,320753.3508101405,0.6358147407447359,0.05,0.09537221111171038,0.09537221111171038,False,0.1453722111117104,431139.3074345765
18777,509064.076165154,300060.6001897643,0.5894358180804269,0.05,0.08841537271206402,0.08841537271206402,False,0.13841537271206403,438601.78232843167
18778,323355.5529636099,93494.15337781713,0.28913730573335433,0.05,0.04337059586000315,0.04337059586000315,False,0.09337059586000315,293163.65230875683
18779,594662.757332229,171949.66026187548,0.2891549170378091,0.05,0.043373237555671365,0.043373237555671365,False,0.09337323755567137,539137.1704263362
18780,382502.8486837762,201014.59101973535,0.5255244286714285,0.05,0.07882866430071427,0.07882866430071427,False,0.12882866430071427,333225.5175966271
18781,578562.182885634,192333.40143529593,0.3324334135978518,0.05,0.04986501203967777,0.04986501203967777,False,0.09986501203967776,520784.06352605793
18782,450721.85551255394,118608.27194941771,0.2631518096998829,0.05,0.03947277145498243,0.03947277145498243,False,0.08947277145498243,410394.5219445136
18783,972122.9415629879,410227.99833679956,0.42199189094049294,0.05,0.06329878364107394,0.06329878364107394,False,0.11329878364107394,861982.5947343186
18784,616423.9375960123,355508.3739814465,0.5767270741754308,0.05,0.08650906112631461,0.08650906112631461,False,0.1365090611263146,532276.4846189946
18785,288230.2105064873,60307.80496764253,0.20923485037070796,0.05,0.031385227555606195,0.031385227555606195,False,0.0813852275556062,264772.52923601656
18786,704492.8554376488,258459.88119282678,0.3668736725970982,0.05,0.055031050889564725,0.055031050889564725,False,0.10503105088956473,630499.2304868423
18787,1837763.3036144555,1282832.7160465908,0.6980402283164298,0.05,0.10470603424746446,0.1,True,0.15000000000000002,1562098.8080722871
18788,890093.9089071468,296455.4462288781,0.33306086387318923,0.05,0.04995912958097838,0.04995912958097838,False,0.09995912958097838,801120.8965274577
18789,296863.70859017357,202899.43146190132,0.6834767120086347,0.05,0.1025215068012952,0.1,True,0.15000000000000002,252334.15230164753
18790,437858.85230501875,42078.03152042441,0.09609953367144043,0.05,0.014414930050716064,0.014414930050716064,False,0.06441493005071607,409654.20496170415
18791,294422.37385084754,232990.74377961576,0.791348635405159,0.05,0.11870229531077384,0.1,True,0.15000000000000002,250259.0177732204
18792,676812.6866502648,239587.91415438033,0.353994419549326,0.05,0.05309916293239889,0.05309916293239889,False,0.1030991629323989,607033.8651945945
18793,423976.6317169536,154670.78241672163,0.3648096872470549,0.05,0.05472145308705824,0.05472145308705824,False,0.10472145308705824,379577.1827685977
18794,387014.0237441915,181577.14369374048,0.4691745842619887,0.05,0.0703761876392983,0.0703761876392983,False,0.1203761876392983,340426.75100292085
18795,382128.7805680712,148611.5006733075,0.38890423394014506,0.05,0.058335635091021756,0.058335635091021756,False,0.10833563509102176,340730.6164386715
18796,698254.5521027418,390192.08205934876,0.5588106527688423,0.05,0.08382159791532635,0.08382159791532635,False,0.13382159791532636,604813.0121887024
18797,549384.820101532,128403.29467729054,0.23372195586612726,0.05,0.03505829337991909,0.03505829337991909,False,0.08505829337991909,502655.08489486185
18798,477341.0602937546,179207.28808363248,0.37542818540133277,0.05,0.056314227810199916,0.056314227810199916,False,0.10631422781019992,426592.91406652203
18799,1076887.3731037888,652568.1894248237,0.6059762661567861,0.05,0.09089643992351791,0.09089643992351791,False,0.1408964399235179,925157.7760348758
18800,525654.2795597686,346716.1081339727,0.6595896230966573,0.05,0.09893844346449858,0.09893844346449858,False,0.14893844346449858,447364.1493616843
18801,472584.2640552846,119714.5243540649,0.2533188966699498,0.05,0.03799783450049247,0.03799783450049247,False,0.08799783450049248,430997.87219941063
18802,1299066.7545695018,908573.3154716634,0.6994046397352042,0.05,0.10491069596028062,0.1,True,0.15000000000000002,1104206.7413840767
18803,396982.14616224053,226952.0189607024,0.5716932641800737,0.05,0.08575398962701106,0.08575398962701106,False,0.13575398962701107,343090.23601002316
18804,819905.8530546322,339699.64440094633,0.4143154279669612,0.05,0.06214731419504418,0.06214731419504418,False,0.11214731419504417,727955.6137417586
18805,326256.9951601168,246137.0506059808,0.7544268912462225,0.05,0.11316403368693337,0.1,True,0.15000000000000002,277318.4458860993
18806,212292.91408108032,147348.305662591,0.6940801877462324,0.05,0.10411202816193485,0.1,True,0.15000000000000002,180448.97696891826
18807,1128079.8057003724,246714.9316148929,0.21870343779598025,0.05,0.03280551566939704,0.03280551566939704,False,0.08280551566939703,1034668.57567312
18808,889331.4491256983,130032.40863928606,0.14621366282179823,0.05,0.021932049423269734,0.021932049423269734,False,0.07193204942326974,825360.0153735206
18809,1396350.6127997017,526393.5564184904,0.3769780681107478,0.05,0.056546710216612166,0.056546710216612166,False,0.10654671021661216,1247574.048696943
18810,664986.3075676055,271837.7894719199,0.40878704776080466,0.05,0.0613180571641207,0.0613180571641207,False,0.1113180571641207,590961.3237684373
18811,346961.7115972043,70021.73947420786,0.20181402481521557,0.05,0.030272103722282333,0.030272103722282333,False,0.08027210372228233,319110.36509621295
18812,377463.49789958796,156152.5195082568,0.4136890596764304,0.05,0.062053358951464556,0.062053358951464556,False,0.11205335895146457,335167.44507837004
18813,320117.74471927714,188845.7396140941,0.5899258717435355,0.05,0.08848888076153032,0.08848888076153032,False,0.13848888076153032,275784.99654119916
18814,497959.37136325834,434192.9951356535,0.8719446205961898,0.05,0.13079169308942848,0.1,True,0.15000000000000002,423265.4656587696
18815,561153.661811211,224912.91963484813,0.40080451209906853,0.05,0.060120676814860274,0.060120676814860274,False,0.11012067681486028,499359.0407754233
18816,265265.30541559216,95780.30136824097,0.36107360975149616,0.05,0.05416104146272442,0.05416104146272442,False,0.10416104146272442,237634.9949395764
18817,483731.90530957165,125714.78841254686,0.2598852526216846,0.05,0.03898278789325269,0.03898278789325269,False,0.0889827878932527,440688.09178221104
18818,327941.7450709581,155405.0621264188,0.47388008529622594,0.05,0.0710820127944339,0.0710820127944339,False,0.1210820127944339,288233.8984984474
18819,662364.9199005342,146137.30212261912,0.22062959213565267,0.05,0.0330944388203479,0.0330944388203479,False,0.0830944388203479,607326.0785871147
18820,224947.31674457755,175878.60164249816,0.7818657461124741,0.05,0.1172798619168711,0.1,True,0.15000000000000002,191205.2192328909
18821,548483.6220694785,212039.30271715496,0.38659185832589027,0.05,0.057988778748883536,0.057988778748883536,False,0.10798877874888355,489253.5455584313
18822,224249.02562650174,159960.649922308,0.71331703437914,0.05,0.106997555156871,0.1,True,0.15000000000000002,190611.67178252648
18823,621849.8440638096,368170.1067398139,0.5920562821626036,0.05,0.08880844232439054,0.08880844232439054,False,0.13880844232439055,535531.8358496471
18824,543526.7339016084,223271.6522107307,0.41078320215827385,0.05,0.06161748032374108,0.06161748032374108,False,0.11161748032374108,482859.6493749184
18825,636682.3661838224,203292.3253700973,0.31929944375340674,0.05,0.04789491656301101,0.04789491656301101,False,0.09789491656301101,574354.3990691167
18826,455187.9976291475,220278.69683658984,0.4839290534546479,0.05,0.07258935801819717,0.07258935801819717,False,0.12258935801819718,399386.79322220164
18827,762925.5805613376,170457.24572835676,0.22342578368251784,0.05,0.033513867552377674,0.033513867552377674,False,0.08351386755237768,699210.7146740173
18828,391620.1906333632,182302.8023596104,0.46550920182326144,0.05,0.06982638027348921,0.06982638027348921,False,0.11982638027348921,344693.7607477535
18829,398854.02089044044,102990.49557072233,0.2582160143222233,0.05,0.03873240214833349,0.03873240214833349,False,0.0887324021483335,363462.74551031005
18830,304573.16421722807,212424.75693808548,0.6974506683280199,0.05,0.10461760024920298,0.1,True,0.15000000000000002,258887.18958464384
18831,731743.655956785,363322.18648707203,0.4965156630049813,0.05,0.07447734945074719,0.07447734945074719,False,0.12447734945074719,640658.1451858849
18832,635097.3948121808,249659.58798558672,0.39310441205544433,0.05,0.058965661808316645,0.058965661808316645,False,0.10896566180831666,565893.5868737337
18833,350165.59212136915,107529.27431683958,0.3070812116787574,0.05,0.04606218175181361,0.04606218175181361,False,0.09606218175181361,316527.9213677748
18834,598857.0052803284,353604.98708478,0.5904664785865792,0.05,0.08856997178798688,0.08856997178798688,False,0.13856997178798688,515873.406953595
18835,243909.7167274024,117717.65101272613,0.4826279682178031,0.05,0.07239419523267046,0.07239419523267046,False,0.12239419523267046,214056.58323912337
18836,515693.2599086067,309881.3000970609,0.6009023661701132,0.05,0.09013535492551697,0.09013535492551697,False,0.140135354925517,443426.4018986172
18837,725611.3639879114,237374.8127950651,0.32713767255582804,0.05,0.04907065088337421,0.04907065088337421,False,0.09907065088337422,653724.5738692561
18838,335499.54951126804,218180.76822903234,0.6503161287306126,0.05,0.09754741930959189,0.09754741930959189,False,0.1475474193095919,285997.45680134976
18839,428818.2048762244,107668.40925651044,0.2510817125583281,0.05,0.03766225688374922,0.03766225688374922,False,0.08766225688374922,391227.0332439366
18840,609151.8385515107,338851.97956852044,0.5562685001070824,0.05,0.08344027501606235,0.08344027501606235,False,0.13344027501606237,527866.4496886571
18841,646771.744376227,113591.73942806979,0.17562879086132974,0.05,0.02634431862919946,0.02634431862919946,False,0.07634431862919946,597394.3962432052
18842,324504.6434690973,61730.76285589032,0.19023075354472999,0.05,0.028534613031709496,0.028534613031709496,False,0.0785346130317095,299019.7968672589
18843,378968.8331381779,253111.81767730904,0.6678961316721804,0.05,0.10018441975082706,0.1,True,0.15000000000000002,322123.50816745125
18844,649811.7115204757,269949.0630906095,0.4154265894330582,0.05,0.06231398841495873,0.06231398841495873,False,0.11231398841495874,576828.7664808604
18845,272679.6987741604,190895.9514225656,0.7000739412605483,0.05,0.10501109118908225,0.1,True,0.15000000000000002,231777.74395803633
18846,1188967.8252700248,738382.1810370225,0.6210278910359324,0.05,0.09315418365538986,0.09315418365538986,False,0.14315418365538984,1018762.1068509703
18847,558065.4027536317,298757.41099646717,0.5353447992337901,0.05,0.08030171988506851,0.08030171988506851,False,0.1303017198850685,485348.5209664801
18848,417334.2527453462,65690.9635480739,0.15740611540016092,0.05,0.023610917310024137,0.023610917310024137,False,0.07361091731002414,386613.89557586785
18849,214248.62355467532,77751.78566753384,0.3629044816135863,0.05,0.05443567224203794,0.05443567224203794,False,0.10443567224203795,191873.42452681146
18850,889809.4132585542,247868.26375711558,0.27856331936229123,0.05,0.04178449790434368,0.04178449790434368,False,0.09178449790434368,808138.7030320592
18851,324190.48609608575,84480.9871872564,0.26059058118755946,0.05,0.03908858717813392,0.03908858717813392,False,0.08908858717813392,295308.813713193
18852,250940.68812580843,132626.42837173305,0.5285170346916446,0.05,0.07927755520374669,0.07927755520374669,False,0.12927755520374667,218499.68946375806
18853,381717.53982634714,120249.51435562101,0.3150222397700811,0.05,0.047253335965512164,0.047253335965512164,False,0.09725333596551217,344594.23568168667
18854,1683347.2861922134,1123398.4016822688,0.6673598555075541,0.05,0.1001039783261331,0.1,True,0.15000000000000002,1430845.1932633813
18855,534987.2030831188,194780.64896376675,0.3640846880845942,0.05,0.05461270321268913,0.05461270321268913,False,0.10461270321268913,479020.7455843978
18856,427357.7194787792,138048.59597397724,0.3230282025614192,0.05,0.04845423038421288,0.04845423038421288,False,0.09845423038421289,385282.54410874366
18857,394974.8880286225,188036.39910619135,0.476071782802974,0.05,0.0714107674204461,0.0714107674204461,False,0.1214107674204461,347020.6837612627
18858,642997.6387223168,259525.61724864354,0.40361830529321985,0.05,0.06054274579398297,0.06054274579398297,False,0.11054274579398297,571918.9141989045
18859,596475.4022050591,373357.8987118947,0.6259401432677018,0.05,0.09389102149015525,0.09389102149015525,False,0.14389102149015526,510647.94728802197
18860,449112.162399653,279453.1702374843,0.6222346968835957,0.05,0.09333520453253935,0.09333520453253935,False,0.14333520453253934,384738.5787440477
18861,512333.8279095506,180402.68357393082,0.3521194068133635,0.05,0.052817911022004525,0.052817911022004525,False,0.10281791102200452,459656.7339779834
18862,887303.1430837201,405016.3037679149,0.4564576457605315,0.05,0.06846864686407972,0.06846864686407972,False,0.11846864686407972,782185.5403643468
18863,2481378.6538213226,1852713.271576427,0.746646735565025,0.05,0.11199701033475375,0.1,True,0.15000000000000002,2109171.855748124
18864,313928.2983322573,63215.970068237686,0.20137072829710556,0.05,0.030205609244565834,0.030205609244565834,False,0.08020560924456584,288749.4879054088
18865,357382.15825536195,135209.0014862289,0.3783317056069077,0.05,0.056749755841036156,0.056749755841036156,False,0.10674975584103616,319231.70011965954
18866,460135.0899395484,195811.97278884106,0.4255532278891541,0.05,0.06383298418337312,0.06383298418337312,False,0.11383298418337312,407756.5395242448
18867,419454.2423812536,123342.33515416243,0.2940543274850303,0.05,0.04410814912275454,0.04410814912275454,False,0.09410814912275454,379980.17998906656
18868,878141.9262138696,89619.93039934232,0.10205631655208726,0.05,0.015308447482813087,0.015308447482813087,False,0.06530844748281309,820791.8403432748
18869,433126.30911004555,147950.1341239594,0.34158657881567134,0.05,0.0512379868223507,0.0512379868223507,False,0.1012379868223507,389277.47353594936
18870,822378.1674973216,200898.38819056074,0.2442895447990052,0.05,0.03664343171985078,0.03664343171985078,False,0.08664343171985078,751124.5008938714
18871,631467.4032839641,234238.07301686413,0.3709424616357113,0.05,0.055641369245356696,0.055641369245356696,False,0.10564136924535669,564758.3221672364
18872,1149041.8821846428,724729.9081039353,0.6307254063933906,0.05,0.09460881095900858,0.09460881095900858,False,0.14460881095900857,982880.3018598204
18873,290023.1780642972,148747.34605550248,0.5128808912731991,0.05,0.07693213369097987,0.07693213369097987,False,0.1269321336909799,253209.91725275695
18874,211389.9525551763,292967.1752034831,1.3859087040904357,0.05,0.20788630561356533,0.1,True,0.15000000000000002,179681.45967189985
18875,344545.49803574034,93814.64349307603,0.27228521059748245,0.05,0.040842781589622366,0.040842781589622366,False,0.09084278158962236,313246.0266099919
18876,348402.4372923143,167746.41833588178,0.4814731482350116,0.05,0.07222097223525173,0.07222097223525173,False,0.12222097223525173,305820.35267731635
18877,450154.5051628005,107601.72274016612,0.23903286872859675,0.05,0.03585493030928951,0.03585493030928951,False,0.0858549303092895,411506.52149363555
18878,1072869.3235540977,330391.3303865163,0.307951139186297,0.05,0.04619267087794455,0.04619267087794455,False,0.09619267087794456,969667.1578184153
18879,244747.75849482504,401165.58932706545,1.6390981138875178,0.05,0.24586471708312765,0.1,True,0.15000000000000002,208035.59472060128
18880,708609.5880386466,366034.0663869169,0.5165525171626014,0.05,0.07748287757439021,0.07748287757439021,False,0.1274828775743902,618273.9986786768
18881,322886.2240080231,96855.59102461982,0.29996817399745473,0.05,0.04499522609961821,0.04499522609961821,False,0.09499522609961822,292213.57415392896
18882,496411.441895655,191926.90591189213,0.3866286908677558,0.05,0.05799430363016337,0.05799430363016337,False,0.10799430363016338,442801.83391408843
18883,281128.71895838436,166522.22250486235,0.5923344406855592,0.05,0.08885016610283387,0.08885016610283387,False,0.13885016610283388,242093.9496347358
18884,263205.2342650769,86613.61484339286,0.32907253947755205,0.05,0.04936088092163281,0.04936088092163281,False,0.09936088092163281,237052.93032531414
18885,587056.839487479,223429.19281199388,0.38059209565986035,0.05,0.05708881434897905,0.05708881434897905,False,0.10708881434897904,524189.618591306
18886,398459.92214063957,397609.55794182845,0.997865872697453,0.05,0.14967988090461795,0.1,True,0.15000000000000002,338690.9338195436
18887,382634.8387683914,303445.28376343945,0.7930414406073323,0.05,0.11895621609109984,0.1,True,0.15000000000000002,325239.61295313266
18888,662662.5112130779,195765.64624637022,0.2954228478807399,0.05,0.04431342718211099,0.04431342718211099,False,0.094313427182111,600164.5387154685
18889,1234806.7638723003,581910.7778977603,0.47125655197491256,0.05,0.07068848279623688,0.07068848279623688,False,0.12068848279623688,1085779.8089940213
18890,935537.305403923,291846.48756360996,0.31195601274029766,0.05,0.04679340191104465,0.04679340191104465,False,0.09679340191104466,844983.4669991854
18891,362685.2952085692,117851.64093789004,0.3249418779719679,0.05,0.04874128169579518,0.04874128169579518,False,0.09874128169579519,326873.2843074572
18892,589652.9785933081,253101.93816537457,0.4292388020648709,0.05,0.06438582030973064,0.06438582030973064,False,0.11438582030973064,522205.03893883654
18893,1075787.0431411932,561488.3347273396,0.5219326058137383,0.05,0.07828989087206074,0.07828989087206074,False,0.12828989087206075,937774.4407750326
18894,466584.9104650406,179161.82569608674,0.3839854690489624,0.05,0.057597820357344356,0.057597820357344356,False,0.10759782035734436,416381.3910873756
18895,221609.4491064532,99878.5019108364,0.45069604348349956,0.05,0.06760440652252493,0.06760440652252493,False,0.11760440652252493,195547.20136450508
18896,344411.43005644705,85603.14331621531,0.2485490777764996,0.05,0.03728236166647494,0.03728236166647494,False,0.08728236166647493,314350.3870561924
18897,365914.28148017643,89653.36561892036,0.24501193354973594,0.05,0.03675179003246039,0.03675179003246039,False,0.08675179003246039,334170.5625633296
18898,290288.6531599064,161721.03052973637,0.5571042091013176,0.05,0.08356563136519764,0.08356563136519764,False,0.13356563136519764,251516.06592245062
18899,443008.0027000011,79152.12707754725,0.17866974545637718,0.05,0.026800461818456574,0.026800461818456574,False,0.07680046181845658,408984.78350336896
18900,763275.7294962937,427905.89900550316,0.5606177197431521,0.05,0.08409265796147282,0.08409265796147282,False,0.13409265796147282,660926.0581706535
18901,547383.714558799,188917.7057748768,0.34512847340945796,0.05,0.05176927101141869,0.05176927101141869,False,0.1017692710114187,491676.87296462763
18902,1340421.6460998133,816176.7685810985,0.6088955448876142,0.05,0.09133433173314214,0.09133433173314214,False,0.14133433173314214,1150974.0485076578
18903,822620.5725654822,286490.9649706655,0.34826622932270546,0.05,0.05223993439840582,0.05223993439840582,False,0.10223993439840581,738515.8991916083
18904,427146.9633248403,137070.33463894436,0.32089736415778747,0.05,0.04813460462366812,0.04813460462366812,False,0.09813460462366813,385229.0649627566
18905,247900.49003861257,76982.28678776967,0.31053704966770757,0.05,0.046580557450156136,0.046580557450156136,False,0.09658055745015615,223958.1225185165
18906,208817.90085234673,111339.09007417326,0.5331874787540372,0.05,0.07997812181310557,0.07997812181310557,False,0.12997812181310558,181676.14229860343
18907,1011331.8760176412,368917.44995953364,0.3647837655550159,0.05,0.05471756483325239,0.05471756483325239,False,0.1047175648332524,905427.6647228291
18908,612248.8787339614,368170.99624449504,0.6013420506474708,0.05,0.09020130759712063,0.09020130759712063,False,0.14020130759712063,526410.785360589
18909,538986.3832239221,455658.96224280813,0.8453997659779551,0.05,0.12680996489669324,0.1,True,0.15000000000000002,458138.4257403338
18910,619897.223369494,256374.1658482371,0.413575276970427,0.05,0.062036291545564046,0.062036291545564046,False,0.11203629154556405,550446.2373237837
18911,641274.6907589864,254992.1292155134,0.3976332340727734,0.05,0.05964498511091601,0.05964498511091601,False,0.10964498511091601,570962.13683871
18912,256267.92262489352,157803.87990868516,0.6157769505146654,0.05,0.09236654257719981,0.09236654257719981,False,0.14236654257719983,219783.94450734605
18913,666241.2352624789,342455.8661959029,0.5140118144458375,0.05,0.07710177216687562,0.07710177216687562,False,0.12710177216687563,581560.7935699695
18914,574754.5087918387,153022.76416169835,0.26624021529358594,0.05,0.03993603229403789,0.03993603229403789,False,0.08993603229403789,523063.36872799194
18915,895490.7595258709,466858.97086519515,0.5213442639122035,0.05,0.07820163958683052,0.07820163958683052,False,0.1282016395868305,780687.375919798
18916,717906.962596356,195841.78053068405,0.2727954884605239,0.05,0.040919323269078586,0.040919323269078586,False,0.09091932326907859,652635.3473869356
18917,514633.7442255646,191859.76914124767,0.37280837351612783,0.05,0.055921256027419174,0.055921256027419174,False,0.10592125602741917,460123.0916430992
18918,466082.3313477694,204173.60638683802,0.43806339063836547,0.05,0.06570950859575482,0.06570950859575482,False,0.11570950859575482,412152.1738223553
18919,265353.4043502792,338935.65399271814,1.2772990601820464,0.05,0.19159485902730697,0.1,True,0.15000000000000002,225550.3936977373
18920,818235.4189435517,327614.9119262354,0.40039199519036817,0.05,0.060058799278555224,0.060058799278555224,False,0.11005879927855522,728181.4112074388
18921,532200.2429522783,409310.504452878,0.7690911642247791,0.05,0.11536367463371686,0.1,True,0.15000000000000002,452370.2065094366
18922,756234.1484444431,135770.92204346787,0.17953556094067644,0.05,0.026930334141101464,0.026930334141101464,False,0.07693033414110147,698056.8027157007
18923,452610.0787565429,209620.30696196988,0.46313663084538553,0.05,0.06947049462680782,0.06947049462680782,False,0.11947049462680782,398536.52877442027
18924,565401.764762562,87132.21098075458,0.15410671917047405,0.05,0.023116007875571106,0.023116007875571106,False,0.07311600787557111,524061.8448773207
18925,662125.387697156,255966.6505121471,0.38658335002436356,0.05,0.05798750250365453,0.05798750250365453,False,0.10798750250365453,590624.1207354761
18926,392779.44970678445,276905.3730616581,0.7049894623264328,0.05,0.10574841934896491,0.1,True,0.15000000000000002,333862.53225076676
18927,497418.25605618296,258916.61011770053,0.5205209237202909,0.05,0.07807813855804363,0.07807813855804363,False,0.12807813855804362,433709.8517357187
18928,502837.9835866543,133631.38882639853,0.2657543646031461,0.05,0.039863154690471914,0.039863154690471914,False,0.08986315469047192,457651.3760833618
18929,582861.676160739,200955.93905713374,0.34477466485841657,0.05,0.051716199728762485,0.051716199728762485,False,0.10171619972876249,523575.20149413205
18930,276141.7113935778,45831.96816209116,0.1659726374939714,0.05,0.02489589562409571,0.02489589562409571,False,0.07489589562409571,255459.83059958523
18931,348315.1137100599,193295.86070133676,0.5549453730056563,0.05,0.08324180595084844,0.08324180595084844,False,0.13324180595084845,301904.97891935636
18932,925881.6461260922,680506.76451043,0.734982454137291,0.05,0.11024736812059364,0.1,True,0.15000000000000002,786999.3992071784
18933,241902.43050337624,185448.61666827754,0.7666256857460109,0.05,0.11499385286190163,0.1,True,0.15000000000000002,205617.0659278698
18934,667341.7903098259,257683.2091120209,0.3861337815999604,0.05,0.05792006723999406,0.05792006723999406,False,0.10792006723999406,595322.2194275315
18935,739165.0506602392,274865.046605211,0.37185882416883104,0.05,0.05577882362532465,0.05577882362532465,False,0.10577882362532465,660977.0411364456
18936,329143.037513993,217248.65808363282,0.6600433043472683,0.05,0.09900649565209024,0.09900649565209024,False,0.14900649565209023,280098.5869257484
18937,666722.4623006321,290036.0797616665,0.4350177115089999,0.05,0.06525265672634999,0.06525265672634999,False,0.11525265672634999,589880.9272213506
18938,1184070.5383386174,774915.201821197,0.6544502010061742,0.05,0.09816753015092614,0.09816753015092614,False,0.14816753015092615,1008629.7311485069
18939,515799.044627604,140591.25359657448,0.2725698216406709,0.05,0.04088547324610063,0.04088547324610063,False,0.09088547324610063,468920.4043567376
18940,431055.8633656875,205175.37112597708,0.47598325081108095,0.05,0.07139748762166213,0.07139748762166213,False,0.12139748762166214,378726.76452850655
18941,440023.0134495748,294732.85407643346,0.669812362235024,0.05,0.1004718543352536,0.1,True,0.15000000000000002,374019.5614321386
18942,349481.09291364904,117729.76268911414,0.33687019148187,0.05,0.0505305287222805,0.0505305287222805,False,0.1005305287222805,314347.57386459946
18943,391399.4111470709,101905.95114449109,0.2603630670926055,0.05,0.03905446006389082,0.03905446006389082,False,0.08905446006389083,356543.5479180437
18944,345110.697121204,143950.70464372355,0.4171145833627046,0.05,0.0625671875044057,0.0625671875044057,False,0.1125671875044057,306262.5565685853
18945,575430.4279983959,145240.19486000773,0.25240270203509746,0.05,0.03786040530526462,0.03786040530526462,False,0.08786040530526462,524872.877369475
18946,987518.860493574,392509.7810637818,0.3974706679198012,0.05,0.05962060018797018,0.05962060018797018,False,0.10962060018797018,879266.450309328
18947,276994.32136772823,224927.18051435432,0.8120281289656789,0.05,0.12180421934485183,0.1,True,0.15000000000000002,235445.173162569
18948,643580.9558150952,247884.99940270977,0.38516521839705997,0.05,0.057774782759558996,0.057774782759558996,False,0.107774782759559,574219.158113934
18949,291759.6352424199,97715.3130752705,0.33491717589405373,0.05,0.05023757638410806,0.05023757638410806,False,0.10023757638410806,262514.35651900835
18950,569498.533254705,193912.4247450343,0.34049679397208926,0.05,0.05107451909581339,0.05107451909581339,False,0.10107451909581339,511936.74288021465
18951,305705.4983858012,203463.47771253408,0.6655538705939877,0.05,0.09983308058909816,0.09983308058909816,False,0.14983308058909817,259900.70180963105
18952,683018.3413633122,341506.9582276613,0.49999676076927835,0.05,0.07499951411539175,0.07499951411539175,False,0.12499951411539176,597641.3805609974
18953,304580.4419888719,96314.03580722905,0.31621871443323984,0.05,0.04743280716498598,0.04743280716498598,False,0.09743280716498598,274904.31451834395
18954,483865.76979923394,115613.2489186746,0.23893661452151277,0.05,0.035840492178226914,0.035840492178226914,False,0.08584049217822692,442330.49397147103
18955,298858.0566595081,52909.246410893276,0.1770380460954857,0.05,0.026555706914322855,0.026555706914322855,False,0.07655570691432285,275978.7668648987
18956,404873.27094797516,140340.05297563714,0.34662711284210795,0.05,0.05199406692631619,0.05199406692631619,False,0.10199406692631618,363578.59945423086
18957,353452.3197328686,166414.74687355093,0.47082657994527666,0.05,0.0706239869917915,0.0706239869917915,False,0.1206239869917915,310817.4917151925
18958,449267.37896787387,157714.7607106925,0.3510487698283795,0.05,0.05265731547425693,0.05265731547425693,False,0.10265731547425694,403146.7959128763
18959,555004.3437948562,185147.44600717764,0.33359639087007376,0.05,0.05003945863051106,0.05003945863051106,False,0.10003945863051106,499482.00970403675
18960,326082.60441387235,156708.7130885243,0.4805798008458789,0.05,0.07208697012688184,0.07208697012688184,False,0.12208697012688184,286272.1672299001
18961,379237.9728064399,289048.0291030185,0.7621811364616338,0.05,0.11432717046924507,0.1,True,0.15000000000000002,322352.2768854739
18962,400429.7410965202,257010.53860392713,0.6418367873978095,0.05,0.09627551810967142,0.09627551810967142,False,0.14627551810967143,341856.6732511051
18963,280057.8629520896,70088.08769589098,0.25026288123851453,0.05,0.037539432185777176,0.037539432185777176,False,0.08753943218577717,255541.75665010145
18964,173111.8814286318,154293.8952154463,0.8912958136790655,0.05,0.13369437205185983,0.1,True,0.15000000000000002,147145.09921433704
18965,1084082.0721257294,524336.6463368877,0.4836687736277557,0.05,0.07255031604416334,0.07255031604416334,False,0.12255031604416335,951227.4715689098
18966,447174.45658660773,105176.14725390892,0.23520159907331076,0.05,0.03528023986099661,0.03528023986099661,False,0.08528023986099662,409039.311669191
18967,616359.8053425136,390345.2022645943,0.6333073618382333,0.05,0.094996104275735,0.094996104275735,False,0.144996104275735,526990.0347356987
18968,326136.6507997226,109651.61950495245,0.33621372892643236,0.05,0.05043205933896485,0.05043205933896485,False,0.10043205933896485,293382.0753339936
18969,411049.3988470434,246972.49519190175,0.600834098978462,0.05,0.09012511484676929,0.09012511484676929,False,0.1401251148467693,353451.054625906
18970,479221.490276282,59015.73841982457,0.12314919012876627,0.05,0.01847237851931494,0.01847237851931494,False,0.06847237851931494,446408.0549994942
18971,549141.3511858721,371394.1168831681,0.6763178844229115,0.05,0.10144768266343672,0.1,True,0.15000000000000002,466770.1485079913
18972,349448.6813172776,155597.1488920921,0.44526466176823143,0.05,0.06678969926523472,0.06678969926523472,False,0.11678969926523472,308636.6749175999
18973,314818.1222285862,109966.44021304921,0.34930149330223026,0.05,0.052395223995334535,0.052395223995334535,False,0.10239522399533454,282582.2500851995
18974,255345.5220763649,72409.67295814052,0.2835752605698146,0.05,0.04253628908547218,0.04253628908547218,False,0.09253628908547218,231716.79502882558
18975,334553.6763186627,61635.63923780393,0.18423243742536527,0.05,0.02763486561380479,0.02763486561380479,False,0.0776348656138048,308580.64661705896
18976,606717.5601658025,262712.66242845554,0.43300652507348225,0.05,0.06495097876102233,0.06495097876102233,False,0.11495097876102234,536974.782793244
18977,551885.6282657805,253581.35851207038,0.45948172143730676,0.05,0.06892225821559601,0.06892225821559601,False,0.11892225821559602,486254.14307568094
18978,533677.1687629499,130036.80348272319,0.24366191977847806,0.05,0.03654928796677171,0.03654928796677171,False,0.08654928796677172,487487.7898023939
18979,316112.52863815497,147566.94181142194,0.46681775773695333,0.05,0.070022663660543,0.070022663660543,False,0.120022663660543,278171.86093453394
18980,361458.98644254054,124866.96668866125,0.3454526554107703,0.05,0.05181789831161555,0.05181789831161555,False,0.10181789831161556,324655.9921171143
18981,791409.6131263752,91416.73271168955,0.1155112740551103,0.05,0.017326691108266543,0.017326691108266543,False,0.06732669110826654,738126.6225633031
18982,466864.1905453403,210682.80274660233,0.45127214083501554,0.05,0.06769082112525233,0.06769082112525233,False,0.11769082112525234,411918.56060608296
18983,261405.7712445972,160239.86553781392,0.6129928378202392,0.05,0.09194892567303588,0.09194892567303588,False,0.14194892567303588,224299.50285169526
18984,432548.9187008791,97085.68158408272,0.2244501775097962,0.05,0.03366752662646943,0.03366752662646943,False,0.08366752662646942,396358.6205282227
18985,324857.91541842767,67767.58540217421,0.20860684682682684,0.05,0.031291027024024025,0.031291027024024025,False,0.08129102702402402,298449.8818371802
18986,488962.17707140703,114355.436950328,0.23387378883832924,0.05,0.035081068325749386,0.035081068325749386,False,0.08508106832574938,447360.7526752875
18987,508517.02567342436,261266.37001015106,0.5137809686197988,0.05,0.07706714529296982,0.07706714529296982,False,0.1270671452929698,443901.2188882305
18988,346876.72269702074,109639.88141159376,0.3160773676570931,0.05,0.04741160514856396,0.04741160514856396,False,0.09741160514856397,313086.90435043065
18989,353139.2952048106,126560.38008804852,0.35838656815194453,0.05,0.053757985222791675,0.053757985222791675,False,0.10375798522279167,316498.2734313628
18990,449583.4121906832,210023.89270540827,0.4671522280638108,0.05,0.07007283420957161,0.07007283420957161,False,0.12007283420957161,395600.6576753378
18991,347214.29959839705,175980.53957318628,0.5068355185161812,0.05,0.07602532777742718,0.07602532777742718,False,0.1260253277774272,303456.5036824992
18992,989928.6540717948,494323.96332848794,0.4993531213539728,0.05,0.07490296820309592,0.07490296820309592,False,0.12490296820309592,866283.6268689319
18993,1731711.830561292,1225522.8654418136,0.7076944580580653,0.05,0.10615416870870979,0.1,True,0.15000000000000002,1471955.0559770982
18994,318267.59951527894,87847.39529152663,0.276017399902843,0.05,0.04140260998542645,0.04140260998542645,False,0.09140260998542646,289177.11024578597
18995,502800.6788697006,60841.943323685846,0.12100608825839089,0.05,0.018150913238758632,0.018150913238758632,False,0.06815091323875863,468534.3534276627
18996,251508.7531548427,103424.80325809075,0.4112175101691857,0.05,0.06168262652537785,0.06168262652537785,False,0.11168262652537786,223419.59500838697
18997,361413.3133777873,214406.18806424888,0.5932437465028548,0.05,0.08898656197542822,0.08898656197542822,False,0.13898656197542822,311181.7194992606
18998,635520.7396972472,125771.17910559592,0.197902556516899,0.05,0.029685383477534848,0.029685383477534848,False,0.07968538347753484,584879.0258465455
18999,365892.75036125694,104536.290930953,0.28570200100368526,0.05,0.042855300150552784,0.042855300150552784,False,0.0928553001505528,331917.66920355114
19000,627491.7644912915,220839.73075780703,0.35194044488670245,0.05,0.05279106673300537,0.05279106673300537,False,0.10279106673300537,562991.2166530559
19001,857158.4583892736,498344.05255521927,0.5813908124895376,0.05,0.08720862187343063,0.08720862187343063,False,0.13720862187343064,739548.9275865271
19002,614309.6527875026,248406.0599001306,0.4043661999660249,0.05,0.06065492999490373,0.06065492999490373,False,0.11065492999490373,546333.2611631078
19003,979597.7242936153,455950.54900425253,0.46544672133965703,0.05,0.06981700820094855,0.06981700820094855,False,0.11981700820094855,862225.2557282967
19004,726150.3208111925,328445.2297057526,0.4523102452655283,0.05,0.06784653678982924,0.06784653678982924,False,0.11784653678982925,640576.0203147699
19005,324668.7476887683,183607.3578424757,0.5655221180034369,0.05,0.08482831770051553,0.08482831770051553,False,0.13482831770051554,280894.20662795857
19006,247854.40907709798,133538.91288052325,0.5387796544663622,0.05,0.08081694816995433,0.08081694816995433,False,0.13081694816995432,215430.8516911646
19007,359291.487331788,174236.53633111442,0.4849447940585788,0.05,0.07274171910878682,0.07274171910878682,False,0.12274171910878683,315191.4325155314
19008,592608.1884441553,218942.06184786884,0.3694550060516097,0.05,0.055418250907741454,0.055418250907741454,False,0.10541825090774146,530136.4697447672
19009,333643.7890416853,164357.19773022772,0.4926127898328508,0.05,0.07389191847492761,0.07389191847492761,False,0.12389191847492761,292308.01993006683
19010,417527.0088010365,172823.4722345299,0.41392165917794604,0.05,0.062088248876691905,0.062088248876691905,False,0.11208824887669191,370727.1375258052
19011,544794.3945771086,189179.8053602263,0.3472499116057817,0.05,0.05208748674086726,0.05208748674086726,False,0.10208748674086726,489177.7040442192
19012,347704.4633031715,255194.33798399175,0.733940357163267,0.05,0.11009105357449005,0.1,True,0.15000000000000002,295548.7938076958
19013,181977.6184662299,139236.54261873392,0.7651300406735042,0.05,0.11476950610102563,0.1,True,0.15000000000000002,154680.9756962954
19014,270756.6784555564,101023.63746396155,0.3731159579893582,0.05,0.05596739369840373,0.05596739369840373,False,0.10596739369840373,242065.29891318435
19015,503732.23880637804,232150.55370398582,0.46086102063683604,0.05,0.0691291530955254,0.0691291530955254,False,0.11912915309552541,443723.04381046124
19016,578292.6922232561,309446.37704052374,0.5351033848462651,0.05,0.08026550772693976,0.08026550772693976,False,0.13026550772693976,502961.1010560147
19017,474591.4361247617,143998.1896389054,0.3034150612044563,0.05,0.045512259180668445,0.045512259180668445,False,0.09551225918066844,429262.13587268785
19018,188106.96110189744,172245.89310892206,0.9156805899150992,0.05,0.13735208848726488,0.1,True,0.15000000000000002,159890.91693661283
19019,433158.30767867214,102913.54976397526,0.23758877052479194,0.05,0.03563831557871879,0.03563831557871879,False,0.08563831557871879,396063.35983014223
19020,501958.4363361159,268432.23660562804,0.5347698478084417,0.05,0.08021547717126626,0.08021547717126626,False,0.13021547717126625,436595.6790284659
19021,490595.4941117883,153057.52823259745,0.3119831512307396,0.05,0.04679747268461094,0.04679747268461094,False,0.09679747268461095,443107.09017130925
19022,341384.19353002735,151486.9481403085,0.44374329863923256,0.05,0.06656149479588488,0.06656149479588488,False,0.11656149479588489,301591.9416324797
19023,357429.7212110994,110018.56382322707,0.30780474396601637,0.05,0.04617071159490246,0.04617071159490246,False,0.09617071159490245,323055.4505770604
19024,446148.2520269619,352536.6646041126,0.790178293879784,0.05,0.11852674408196759,0.1,True,0.15000000000000002,379226.0142229176
19025,347360.77479610173,71341.36971970461,0.20538119124584944,0.05,0.030807178686877414,0.030807178686877414,False,0.08080717868687742,319291.53059834096
19026,397617.3086348519,240804.28942805502,0.6056182268694832,0.05,0.09084273403042248,0.09084273403042248,False,0.14084273403042247,341615.79978890106
19027,566166.874816218,96168.81033999432,0.1698594789234383,0.05,0.025478921838515745,0.025478921838515745,False,0.07547892183851575,523433.209524408
19028,647708.8248399125,189011.16807226266,0.2918150267892036,0.05,0.043772254018380544,0.043772254018380544,False,0.09377225401838055,586971.7083870774
19029,371630.2984649192,113911.44617823011,0.3065181893100759,0.05,0.04597772839651138,0.04597772839651138,False,0.09597772839651139,335962.0666149387
19030,474333.09503391717,99203.69236990152,0.209143518359831,0.05,0.03137152775397465,0.03137152775397465,False,0.08137152775397466,435735.8864267361
19031,379951.7378087038,185250.8329482791,0.4875641154233864,0.05,0.07313461731350795,0.07313461731350795,False,0.12313461731350796,333166.5259760267
19032,390158.18221426755,227688.764533828,0.5835806473200801,0.05,0.08753709709801201,0.08753709709801201,False,0.137537097098012,336496.95842348
19033,431572.96381864976,224202.26070121827,0.5195002456072058,0.05,0.07792503684108086,0.07792503684108086,False,0.12792503684108086,376363.9765225345
19034,255350.25509757354,76926.31168753942,0.3012580177691407,0.05,0.0451887026653711,0.0451887026653711,False,0.0951887026653711,231043.79558956396
19035,290920.91461125057,126092.54279236335,0.43342549971306554,0.05,0.06501382495695983,0.06501382495695983,False,0.11501382495695983,257460.98746183352
19036,246652.48953777584,64081.87428282134,0.25980631455579506,0.05,0.038970947183369256,0.038970947183369256,False,0.08897094718336926,224707.58391846385
19037,1033732.9649510826,712678.9343126981,0.689422663759613,0.05,0.10341339956394195,0.1,True,0.15000000000000002,878673.0202084202
19038,259357.7562377821,277690.4925272764,1.0706851283548529,0.05,0.16060276925322792,0.1,True,0.15000000000000002,220454.09280211478
19039,617849.5097796544,390528.34414160054,0.6320768050473583,0.05,0.09481152075710374,0.09481152075710374,False,0.14481152075710374,528377.7826694316
19040,353922.9679977832,106984.80693637487,0.3022827468406768,0.05,0.045342412026101515,0.045342412026101515,False,0.09534241202610153,320179.0985574378
19041,974140.0322566037,444626.141857396,0.4564293911907262,0.05,0.06846440867860892,0.06846440867860892,False,0.11846440867860893,858739.1093651641
19042,220749.16203733228,85215.08771044164,0.38602677774165406,0.05,0.05790401666124811,0.05790401666124811,False,0.1079040166612481,196929.4407788994
19043,416591.2519371939,86394.35210339818,0.20738398058445826,0.05,0.031107597087668738,0.031107597087668738,False,0.08110759708766874,382802.5365248245
19044,268208.8215867866,147806.6243827616,0.5510878557547167,0.05,0.08266317836320751,0.08266317836320751,False,0.1326631783632075,232627.386850033
19045,501866.4833084533,197794.5756784742,0.3941179223098412,0.05,0.05911768834647618,0.05911768834647618,False,0.10911768834647619,447103.97279125947
19046,551973.7500183376,146616.69470910967,0.26562258568317565,0.05,0.03984338785247635,0.03984338785247635,False,0.08984338785247635,502382.5583110543
19047,635463.1793368766,211409.37151967688,0.3326854779222431,0.05,0.049902821688336464,0.049902821688336464,False,0.09990282168833647,571978.6146420813
19048,493020.2372222229,323539.9116911861,0.6562406312448273,0.05,0.0984360946867241,0.0984360946867241,False,0.14843609468672408,419838.23860743386
19049,583787.1140957939,224321.58187076845,0.38425236949296454,0.05,0.05763785542394468,0.05763785542394468,False,0.10763785542394469,520949.521110389
19050,250524.97842054802,66996.48840417614,0.2674243854906609,0.05,0.04011365782359913,0.04011365782359913,False,0.09011365782359913,227949.2562388942
19051,286497.63373244787,169435.4559728056,0.5914026366131757,0.05,0.08871039549197636,0.08871039549197636,False,0.13871039549197636,246757.43364990462
19052,291467.28736309777,81896.08135381393,0.2809786377563229,0.05,0.042146795663448436,0.042146795663448436,False,0.09214679566344844,264609.5107918708
19053,496446.6527919722,317629.31596328644,0.639805534344863,0.05,0.09597083015172944,0.09597083015172944,False,0.14597083015172946,423979.9227578806
19054,416032.3545221117,308907.09138364485,0.7425073747893488,0.05,0.11137610621840231,0.1,True,0.15000000000000002,353627.5013437949
19055,380441.39478955814,186939.4331850388,0.4913751125543126,0.05,0.07370626688314688,0.07370626688314688,False,0.12370626688314688,333378.4100723244
19056,1473013.081640291,965543.376336809,0.6554886635912404,0.05,0.09832329953868606,0.09832329953868606,False,0.14832329953868606,1254530.921107755
19057,484229.4629889867,344737.1446958848,0.7119293042764014,0.05,0.10678939564146021,0.1,True,0.15000000000000002,411595.0435406387
19058,296765.6805026063,183413.4994840308,0.6180414769436925,0.05,0.09270622154155388,0.09270622154155388,False,0.14270622154155388,254415.37155487138
19059,485863.0523382925,290385.56225890014,0.597669571418065,0.05,0.08965043571270974,0.08965043571270974,False,0.13965043571270974,418012.06538254285
19060,609592.3359723102,180712.24395392614,0.2964476967475108,0.05,0.04446715451212662,0.04446715451212662,False,0.09446715451212662,552005.8825806057
19061,274152.67183959944,60302.01384169841,0.21995778278236064,0.05,0.03299366741735409,0.03299366741735409,False,0.08299366741735409,251399.7361713647
19062,305856.0511959021,84056.03395973344,0.27482220355318454,0.05,0.04122333053297768,0.04122333053297768,False,0.09122333053297768,277954.84354214696
19063,439073.79092918587,273650.46081235126,0.6232448086533268,0.05,0.09348672129799901,0.09348672129799901,False,0.143486721297999,376072.5322608739
19064,610929.8166064182,231794.79289186437,0.3794131283024192,0.05,0.056911969245362876,0.056911969245362876,False,0.10691196924536288,545614.1068423177
19065,267681.162312196,87518.16769058889,0.3269492964488724,0.05,0.04904239446733086,0.04904239446733086,False,0.09904239446733086,241169.37904299784
19066,202767.21186449967,195793.80483664112,0.9656088034957123,0.05,0.14484132052435683,0.1,True,0.15000000000000002,172352.13008482472
19067,954379.2338969697,356165.41636834375,0.3731906601886454,0.05,0.055978599028296806,0.055978599028296806,False,0.10597859902829682,853235.4597468696
19068,742667.1921633879,132945.85536700336,0.1790113482456824,0.05,0.02685170223685236,0.02685170223685236,False,0.07685170223685237,685591.954250168
19069,538615.8626453232,161728.44897611055,0.3002667767373354,0.05,0.04504001651060031,0.04504001651060031,False,0.09504001651060032,487425.8021666404
19070,820748.2875582766,414179.72820379154,0.5046367253911365,0.05,0.07569550880867047,0.07569550880867047,False,0.12569550880867048,717583.913949794
19071,512223.47174074507,229592.59245630156,0.4482273951173146,0.05,0.06723410926759718,0.06723410926759718,False,0.11723410926759718,452173.4092852626
19072,618451.6715206038,303779.10765462264,0.49119296081408065,0.05,0.0736789441221121,0.0736789441221121,False,0.1236789441221121,541962.2217963802
19073,283013.371197019,117310.85998081748,0.4145064223808416,0.05,0.06217596335712624,0.06217596335712624,False,0.11217596335712623,251266.07364004545
19074,385533.74340571463,207618.68024412234,0.5385227202425076,0.05,0.08077840803637613,0.08077840803637613,False,0.13077840803637614,335114.25419881055
19075,244002.22062998923,151935.51348071103,0.6226808636758665,0.05,0.09340212955137997,0.09340212955137997,False,0.14340212955138,209011.78257638312
19076,619699.9799942009,243920.84111659596,0.3936111812023595,0.05,0.05904167718035392,0.05904167718035392,False,0.10904167718035393,552126.8548270015
19077,420325.2709173648,193067.86754976632,0.4593296689689712,0.05,0.06889945034534568,0.06889945034534568,False,0.11889945034534569,370348.8272390316
19078,582684.0457275003,211299.32616859354,0.36263104802325474,0.05,0.05439465720348821,0.05439465720348821,False,0.10439465720348821,521854.9445158363
19079,655017.8326177131,232418.1581605454,0.35482722238524333,0.05,0.0532240833577865,0.0532240833577865,False,0.1032240833577865,587404.2172627456
19080,509423.1921338583,64317.602872529475,0.12625574152428676,0.05,0.01893836122864301,0.01893836122864301,False,0.06893836122864301,474304.39209628594
19081,688033.2102241033,620920.4075897681,0.9024570302173706,0.05,0.13536855453260557,0.1,True,0.15000000000000002,584828.2286904878
19082,209696.41330015202,100355.09520485066,0.47857325561980846,0.05,0.07178598834297127,0.07178598834297127,False,0.12178598834297127,184158.32835441682
19083,288301.7552300398,76043.89292767673,0.2637649322217976,0.05,0.039564739833269635,0.039564739833269635,False,0.08956473983326964,262480.0835293863
19084,351700.7902951316,108827.9143981624,0.3094332381421118,0.05,0.04641498572131677,0.04641498572131677,False,0.09641498572131676,317791.5636206507
19085,285088.91304614785,69598.76554737517,0.24413003228964253,0.05,0.03661950484344638,0.03661950484344638,False,0.08661950484344638,260394.65256173417
19086,320308.32716929045,100669.32689845155,0.31428882223609955,0.05,0.04714332333541493,0.04714332333541493,False,0.09714332333541494,289192.5117760582
19087,446747.8624940487,63935.445219312795,0.14311304112879666,0.05,0.021466956169319498,0.021466956169319498,False,0.0714669561693195,414820.15258644935
19088,407704.1309986283,175330.84639484854,0.43004432151666977,0.05,0.06450664822750046,0.06450664822750046,False,0.11450664822750047,361019.2974894696
19089,313177.5492793949,113417.16357509996,0.3621497257260838,0.05,0.05432245885891256,0.05432245885891256,False,0.10432245885891256,280506.09727916017
19090,557898.3693593246,210149.13958214532,0.376679967398856,0.05,0.056501995109828396,0.056501995109828396,False,0.1065019951098284,498481.07995403657
19091,621250.8649238598,253485.6630698084,0.4080246441200133,0.05,0.061203696618002,0.061203696618002,False,0.111203696618002,552165.4722171956
19092,273006.2276874586,162425.49424672226,0.5949516083298629,0.05,0.08924274124947944,0.08924274124947944,False,0.13924274124947944,234992.09216607735
19093,643668.2662321059,100471.2244612755,0.1560916231732414,0.05,0.02341374347598621,0.02341374347598621,False,0.07341374347598621,596414.1692513094
19094,315452.37189815904,148833.92231591232,0.47181107379329523,0.05,0.07077166106899428,0.07077166106899428,False,0.12077166106899428,277354.66495586425
19095,408891.8741825114,173971.7042834785,0.42547117041955484,0.05,0.06382067556293322,0.06382067556293322,False,0.11382067556293322,362351.5248308641
19096,327711.34246146947,87363.83474397293,0.26658776619623625,0.05,0.03998816492943544,0.03998816492943544,False,0.08998816492943544,298221.20012680005
19097,386217.78169284016,69838.06321077875,0.18082560286237964,0.05,0.027123840429356946,0.027123840429356946,False,0.07712384042935695,356431.18312658137
19098,566474.0049754027,115140.71104339615,0.20325859621465905,0.05,0.030488789432198855,0.030488789432198855,False,0.08048878943219887,520879.1980701232
19099,317537.3597406525,165433.62935638288,0.5209894970831155,0.05,0.07814842456246732,0.07814842456246732,False,0.12814842456246733,276845.44735016243
19100,319311.477857582,154204.1187914312,0.4829269521598866,0.05,0.07243904282398299,0.07243904282398299,False,0.12243904282398299,280215.2861459882
19101,602041.1899687994,227968.42665873806,0.378659185546013,0.05,0.05679887783190195,0.05679887783190195,False,0.10679887783190195,537743.8664715487
19102,405888.2894807307,148393.91044804337,0.36560283776082747,0.05,0.05484042566412412,0.05484042566412412,False,0.10484042566412413,363334.7884394877
19103,506039.7596520136,141391.67679842684,0.27940823641141777,0.05,0.041911235461712666,0.041911235461712666,False,0.09191123546171268,459529.0201496489
19104,790815.4538625813,136565.92010273016,0.17268999920993072,0.05,0.025903499881489607,0.025903499881489607,False,0.07590349988148962,730789.7931540427
19105,399589.84217429534,153439.02375960135,0.3839913019927905,0.05,0.057598695298918576,0.057598695298918576,False,0.10759869529891858,356594.4965016404
19106,467551.1071320575,251939.71572018467,0.5388495757513532,0.05,0.08082743636270297,0.08082743636270297,False,0.13082743636270297,406382.5944174269
19107,240928.8613776118,87033.65893064157,0.3612421460550227,0.05,0.054186321908253406,0.054186321908253406,False,0.10418632190825342,215827.36946913498
19108,1388725.925743043,767499.984678961,0.5526648350489368,0.05,0.08289972525734052,0.08289972525734052,False,0.1328997252573405,1204164.6317540468
19109,392504.5991003945,141091.67403802817,0.3594650212033308,0.05,0.053919753180499616,0.053919753180499616,False,0.10391975318049962,351715.6180396706
19110,506083.76390387816,92290.5216966176,0.18236214689975033,0.05,0.02735432203496255,0.02735432203496255,False,0.07735432203496255,466935.9974541916
19111,589462.1791301246,413549.1820470261,0.7015703410476731,0.05,0.10523555115715097,0.1,True,0.15000000000000002,501042.8522606059
19112,2450135.710339561,1553702.1072369425,0.6341289997449231,0.05,0.09511934996173846,0.09511934996173846,False,0.14511934996173848,2094573.6087370417
19113,251475.19933457495,193658.36322467614,0.770089311936576,0.05,0.1155133967904864,0.1,True,0.15000000000000002,213753.9194343887
19114,406711.9658271391,119455.6460857992,0.2937106751773571,0.05,0.04405660127660357,0.04405660127660357,False,0.09405660127660356,368458.02062291227
19115,254017.0661929572,126746.44001389726,0.49896820679606524,0.05,0.07484523101940978,0.07484523101940978,False,0.12484523101940978,222304.24688122474
19116,1326600.164893719,572555.1095484172,0.4315958377664514,0.05,0.06473937566496771,0.06473937566496771,False,0.11473937566496771,1174386.8902167703
19117,505992.0372997667,256441.71823231096,0.5068097901319073,0.05,0.0760214685197861,0.0760214685197861,False,0.1260214685197861,442226.17769993166
19118,637485.8705766822,328764.7504663947,0.5157208428305834,0.05,0.0773581264245875,0.0773581264245875,False,0.1273581264245875,556296.8644778888
19119,830862.5803606664,313745.9511287353,0.37761473262226153,0.05,0.05664220989333923,0.05664220989333923,False,0.10664220989333922,742257.5586733227
19120,1988045.6356854187,2351506.5606467435,1.1828232302303334,0.05,0.17742348453455,0.1,True,0.15000000000000002,1689838.7903326058
19121,493017.1604296189,138646.1016840348,0.2812196264390017,0.05,0.042182943965850254,0.042182943965850254,False,0.09218294396585025,447569.3871555327
19122,964354.5184232693,578928.458408681,0.6003274183390934,0.05,0.09004911275086401,0.09004911275086401,False,0.140049112750864,829297.5237408036
19123,372119.1091568105,245426.60460550152,0.6595377624159555,0.05,0.09893066436239333,0.09893066436239333,False,0.14893066436239333,316699.16300814477
19124,349016.6395089413,80036.62363186514,0.2293203663426331,0.05,0.03439805495139496,0.03439805495139496,False,0.08439805495139496,319560.3139887145
19125,397037.1133400388,103649.85167440324,0.2610583449049844,0.05,0.03915875173574766,0.03915875173574766,False,0.08915875173574767,361637.7799218764
19126,735000.6563683465,589572.2354628313,0.8021383795436591,0.05,0.12032075693154885,0.1,True,0.15000000000000002,624750.5579130945
19127,1622689.1575424168,772768.530654976,0.4762270870320867,0.05,0.07143406305481301,0.07143406305481301,False,0.12143406305481301,1425639.4200670496
19128,607702.6810632572,192578.82694478624,0.31689645766881236,0.05,0.047534468650321855,0.047534468650321855,False,0.09753446865032186,548430.7229683764
19129,685683.6378090247,390827.35516124405,0.5699820348784472,0.05,0.08549730523176709,0.08549730523176709,False,0.1354973052317671,592775.3526443868
19130,488589.5131194944,157536.98690853687,0.3224321903732879,0.05,0.04836482855599319,0.04836482855599319,False,0.09836482855599318,440529.48942723917
19131,559523.788653066,403939.04106081574,0.7219336322289579,0.05,0.10829004483434368,0.1,True,0.15000000000000002,475595.2203551061
19132,300948.5743533079,165752.4042321083,0.5507665374002342,0.05,0.08261498061003512,0.08261498061003512,False,0.13261498061003513,261038.28500082623
19133,480426.92656684667,157156.1186297501,0.327117632129396,0.05,0.049067644819409395,0.049067644819409395,False,0.0990676448194094,432832.1624440418
19134,255586.60321931622,25374.468135712756,0.09927933552111566,0.05,0.014891900328167349,0.014891900328167349,False,0.06489190032816736,239001.1028379935
19135,255308.69432409087,94943.69609046125,0.371878037063395,0.05,0.05578170555950925,0.05578170555950925,False,0.10578170555950925,228301.70519431712
19136,542349.4996780149,161730.89269125857,0.2982041889727489,0.05,0.044730628345912335,0.044730628345912335,False,0.09473062834591234,490972.39079042536
19137,854086.3949033765,152520.76395185827,0.1785776765231263,0.05,0.026786651478468947,0.026786651478468947,False,0.07678665147846894,788503.9605654288
19138,626094.368228127,251824.61446235527,0.40221510884218514,0.05,0.060332266326327766,0.060332266326327766,False,0.11033226632632777,557015.9576473674
19139,656905.719876334,287921.1180102285,0.4382989967942907,0.05,0.0657448495191436,0.0657448495191436,False,0.1157448495191436,580872.266180983
19140,695846.841007971,272556.32844970375,0.3916901139550932,0.05,0.05875351709326397,0.05875351709326397,False,0.10875351709326397,620171.0496901169
19141,1136052.4529601545,774612.9705982583,0.6818461318224246,0.05,0.10227691977336369,0.1,True,0.15000000000000002,965644.5850161313
19142,874575.6480148681,538516.7275525646,0.6157463093957649,0.05,0.09236194640936474,0.09236194640936474,False,0.14236194640936473,750069.35648124
19143,496608.60534122563,189517.1177327076,0.3816227018508633,0.05,0.057243405277629486,0.057243405277629486,False,0.10724340527762949,443350.60741425824
19144,497423.45967281325,117313.80437769007,0.23584292637676307,0.05,0.03537643895651446,0.03537643895651446,False,0.08537643895651446,454955.21603251906
19145,538146.3997425124,299511.60603548994,0.5565615716816049,0.05,0.08348423575224073,0.08348423575224073,False,0.13348423575224072,466312.3388500633
19146,328681.16933241615,164112.4118542964,0.49930579286797866,0.05,0.0748958689301968,0.0748958689301968,False,0.1248958689301968,287630.2490876509
19147,711897.4563171823,341556.8739248174,0.47978381000512876,0.05,0.07196757150076931,0.07196757150076931,False,0.12196757150076931,625069.0524126006
19148,601611.4682082352,234945.50230565085,0.3905269675217185,0.05,0.058579045128257776,0.058579045128257776,False,0.10857904512825778,536289.0694519759
19149,375225.54856850696,160442.9795662624,0.4275907655498289,0.05,0.06413861483247434,0.06413861483247434,False,0.11413861483247434,332397.8242051423
19150,386286.67801268684,133316.53618724598,0.3451233080910635,0.05,0.051768496213659525,0.051768496213659525,False,0.10176849621365952,346974.8636839656
19151,420456.99063444784,84478.2548566364,0.20092008633074,0.05,0.030138012949610996,0.030138012949610996,False,0.080138012949611,386762.40287423
19152,323963.5767455667,205178.36617697444,0.6333377604918736,0.05,0.09500066407378104,0.09500066407378104,False,0.14500066407378104,276988.64298174216
19153,516430.294868265,147195.88777277403,0.2850256641321205,0.05,0.042753849619818075,0.042753849619818075,False,0.09275384961981809,468529.3969589356
19154,689105.6946747741,281368.54259262147,0.4083097045445465,0.05,0.06124645568168197,0.06124645568168197,False,0.11124645568168198,612445.1285521422
19155,191520.9175992822,165251.2687290384,0.8628366593083707,0.05,0.1294254988962556,0.1,True,0.15000000000000002,162792.77995938985
19156,338858.6374453193,190879.56110428539,0.5633014478938495,0.05,0.08449521718407742,0.08449521718407742,False,0.13449521718407742,293283.77140741056
19157,224459.64280290966,158292.0208651758,0.7052137252315179,0.05,0.10578205878472768,0.1,True,0.15000000000000002,190790.6963824732
19158,332387.5722193405,119473.82927200891,0.35944132469901396,0.05,0.05391619870485209,0.05391619870485209,False,0.1039161987048521,297847.1192175721
19159,423463.0176081394,234218.01551117178,0.5531014652332886,0.05,0.08296521978499329,0.08296521978499329,False,0.1329652197849933,367157.16440105665
19160,212439.19952053556,265651.4473365345,1.2504822459136369,0.05,0.18757233688704553,0.1,True,0.15000000000000002,180573.31959245523
19161,271848.9037647356,72618.89158418254,0.2671296097887841,0.05,0.04006944146831761,0.04006944146831761,False,0.09006944146831761,247363.62483887144
19162,523729.4263612039,123141.50828178908,0.23512428762568952,0.05,0.035268643143853425,0.035268643143853425,False,0.08526864314385343,479071.72880087537
19163,637783.2185960814,177695.22618068126,0.27861383147056207,0.05,0.041792074720584306,0.041792074720584306,False,0.09179207472058432,579239.7737391752
19164,478147.96825958067,97271.50181385857,0.20343389132849157,0.05,0.030515083699273735,0.030515083699273735,False,0.08051508369927374,439649.84457452287
19165,1507707.6601476474,979114.0629657463,0.649405775964462,0.05,0.0974108663946693,0.0974108663946693,False,0.1474108663946693,1285455.167695403
19166,732566.6130176028,445599.0032081073,0.6082709685233771,0.05,0.09124064527850657,0.09124064527850657,False,0.14124064527850658,629098.4318855066
19167,223967.3240523236,195354.33937693355,0.8722448250142711,0.05,0.13083672375214067,0.1,True,0.15000000000000002,190372.22544447504
19168,197295.3541791685,214213.48227993562,1.0857502609281078,0.05,0.16286253913921617,0.1,True,0.15000000000000002,167701.05105229322
19169,936749.985439288,318239.90025419195,0.3397276810257474,0.05,0.05095915215386211,0.05095915215386211,False,0.10095915215386211,842176.5011291947
19170,590531.7275656748,168832.48781184858,0.2858990972556546,0.05,0.04288486458834819,0.04288486458834819,False,0.09288486458834819,535680.2680156138
19171,371548.42490176065,134155.6158392579,0.36107168500237713,0.05,0.05416075275035657,0.05416075275035657,False,0.10416075275035658,332847.66128078394
19172,668859.0844249583,134839.1829286937,0.20159580107164082,0.05,0.030239370160746123,0.030239370160746123,False,0.08023937016074613,615190.2527644064
19173,745800.3988226188,237365.00379206368,0.31826880780271427,0.05,0.04774032117040714,0.04774032117040714,False,0.09774032117040715,672905.6283126783
19174,590340.0742125639,225624.39600133093,0.3821939350844244,0.05,0.057329090262663654,0.057329090262663654,False,0.10732909026266366,526979.4111017361
19175,336522.0733142767,336732.45044529386,1.000625151060509,0.05,0.15009377265907636,0.1,True,0.15000000000000002,286043.7623171352
19176,184523.86014543846,111848.40683055266,0.6061460384710992,0.05,0.09092190577066488,0.09092190577066488,False,0.14092190577066488,158520.40611358365
19177,452842.72243382345,188747.93568072724,0.416806821287296,0.05,0.0625210231930944,0.0625210231930944,False,0.1125210231930944,401888.39596002316
19178,794229.8855106514,1308903.549919778,1.6480159885676127,0.05,0.2472023982851419,0.1,True,0.15000000000000002,675095.4026840536
19179,280295.2330424262,44105.73349545628,0.15735456153398203,0.05,0.023603184230097305,0.023603184230097305,False,0.0736031842300973,259664.61136598643
19180,819123.3215006419,215472.8063591665,0.2630529502742252,0.05,0.03945794254113378,0.03945794254113378,False,0.08945794254113379,745846.2344717347
19181,350677.9292297442,180781.96041946136,0.5155213526455591,0.05,0.07732820289683386,0.07732820289683386,False,0.12732820289683386,306026.73870533775
19182,434998.66062594176,123946.07162600796,0.28493437530969784,0.05,0.042740156296454675,0.042740156296454675,False,0.09274015629645468,394656.8168507435
19183,263258.395151991,170821.87689968827,0.648875325708284,0.05,0.0973312988562426,0.0973312988562426,False,0.1473312988562426,224472.19385943818
19184,832090.4950533655,448934.1455589781,0.539525626392579,0.05,0.08092884395888685,0.08092884395888685,False,0.13092884395888685,723145.8484668505
19185,466702.44605774584,194017.06804822123,0.41571898687716585,0.05,0.062357848031574875,0.062357848031574875,False,0.11235784803157488,414264.76354762533
19186,335709.2295107968,191908.90947504074,0.5716521698098525,0.05,0.08574782547147787,0.08574782547147787,False,0.13574782547147787,290137.4316140008
19187,365442.8630948896,284956.0506355154,0.7797554129864748,0.05,0.11696331194797122,0.1,True,0.15000000000000002,310626.43363065616
19188,406046.8950120286,172674.87926843483,0.4252584649448423,0.05,0.06378876974172634,0.06378876974172634,False,0.11378876974172634,359843.31837116193
19189,232172.41893313776,173880.21765158355,0.7489271053408738,0.05,0.11233906580113107,0.1,True,0.15000000000000002,197346.55609316708
19190,378478.7013858983,154886.23844567535,0.4092336976387814,0.05,0.061385054645817214,0.061385054645817214,False,0.11138505464581722,336321.83054975205
19191,857028.1244321184,224633.72409284546,0.26210776249809964,0.05,0.03931616437471495,0.03931616437471495,False,0.08931616437471496,780481.6595965857
19192,670192.7725426025,217348.32188653213,0.32430717069948084,0.05,0.04864607560492212,0.04864607560492212,False,0.09864607560492213,604080.8856324926
19193,1339376.562335401,621950.8896113434,0.46435849864871465,0.05,0.0696537747973072,0.0696537747973072,False,0.1196537747973072,1179115.1007769294
19194,622644.19535194,231969.8722616738,0.3725560665197504,0.05,0.05588340997796255,0.05588340997796255,False,0.10588340997796256,556716.5047450919
19195,289007.3205160515,95765.1825968725,0.33135902033856507,0.05,0.04970385305078476,0.04970385305078476,False,0.09970385305078476,260192.17710071805
19196,395338.4671557959,123488.51411969669,0.3123614937046641,0.05,0.04685422405569961,0.04685422405569961,False,0.09685422405569961,357048.2666800516
19197,286363.82530321233,147872.09156354156,0.516378391743333,0.05,0.07745675876149995,0.07745675876149995,False,0.12745675876149995,249864.82030352048
19198,380510.07194992976,109693.16984986939,0.28827928072375336,0.05,0.043241892108563,0.043241892108563,False,0.09324189210856301,345030.5928749528
19199,944589.7477430112,152760.6273712312,0.16172166566092339,0.05,0.02425824984913851,0.02425824984913851,False,0.07425824984913851,874446.1662501759
19200,505097.7477005446,219639.71829632064,0.4348459665405945,0.05,0.06522689498108918,0.06522689498108918,False,0.11522689498108918,446896.90257106925
19201,550440.372135082,200506.22541527986,0.3642651149252442,0.05,0.05463976723878663,0.05463976723878663,False,0.10463976723878662,492842.41971603595
19202,456904.0601267804,93176.7863908661,0.20393074722297647,0.05,0.030589612083446467,0.030589612083446467,False,0.08058961208344648,420082.33916181145
19203,286055.7886986266,378119.48745413247,1.3218382650962512,0.05,0.1982757397644377,0.1,True,0.15000000000000002,243147.4203938326
19204,533989.0100468983,227075.10306180303,0.4252430270837594,0.05,0.0637864540625639,0.0637864540625639,False,0.11378645406256391,473228.2940852829
19205,251297.3474862927,269117.34993401787,1.0709120196690383,0.05,0.16063680295035573,0.1,True,0.15000000000000002,213602.7453633488
19206,2180104.3782881233,1256415.211125479,0.5763096591329495,0.05,0.08644644886994242,0.08644644886994242,False,0.13644644886994242,1882636.8777048953
19207,298456.5863724012,164209.91168095253,0.5501969773119985,0.05,0.08252954659679977,0.08252954659679977,False,0.13252954659679977,258902.2703016383
19208,526693.8823279355,411084.6722014239,0.780500184252131,0.05,0.11707502763781964,0.1,True,0.15000000000000002,447689.79997874517
19209,1788222.8764747835,976064.7196564169,0.5458294558788913,0.05,0.0818744183818337,0.0818744183818337,False,0.1318744183818337,1552402.0247025818
19210,448109.61029704893,298269.1980011539,0.665616606176853,0.05,0.09984249092652796,0.09984249092652796,False,0.14984249092652796,380963.75008202344
19211,356469.68491858925,95821.12665599678,0.2688058219533604,0.05,0.04032087329300406,0.04032087329300406,False,0.09032087329300406,324273.0316742603
19212,348455.8591408785,72419.76022522338,0.20783051375222975,0.05,0.031174577062834462,0.031174577062834462,False,0.08117457706283446,320170.10215005104
19213,491893.1178620735,204888.31900227262,0.4165301598298092,0.05,0.062479523974471374,0.062479523974471374,False,0.11247952397447138,436565.21411862894
19214,611421.1291966117,250150.30225100077,0.40912930598209857,0.05,0.061369395897314785,0.061369395897314785,False,0.11136939589731479,543327.527399131
19215,1268976.34199845,1569488.7011200567,1.2368147846226543,0.05,0.18552221769339813,0.1,True,0.15000000000000002,1078629.8906986825
19216,185156.7834809135,103604.38169126149,0.5595494787904507,0.05,0.0839324218185676,0.0839324218185676,False,0.1339324218185676,160358.28705317862
19217,556110.9709356142,256543.6565079966,0.4613173807313701,0.05,0.0691976071097055,0.0691976071097055,False,0.1191976071097055,489823.873912634
19218,555560.3542432681,294632.2669837442,0.5303334997420118,0.05,0.07955002496130177,0.07955002496130177,False,0.12955002496130177,483587.49648354313
19219,541774.2414776665,277511.3715474473,0.51222695783865,0.05,0.0768340436757975,0.0768340436757975,False,0.1268340436757975,473058.8236716661
19220,232825.84744555838,107284.23969084027,0.46079179295557604,0.05,0.0691187689433364,0.0691187689433364,False,0.11911876894333641,205091.91911965443
19221,469131.98073706153,244639.03340366558,0.521471661384732,0.05,0.0782207492077098,0.0782207492077098,False,0.12822074920770982,408979.5266896586
19222,283114.9207874086,110808.8194919381,0.3913916623813148,0.05,0.058708749357197214,0.058708749357197214,False,0.10870874935719721,252337.85182424745
19223,301224.1281418272,196367.5917082129,0.6518986142297205,0.05,0.09778479213445808,0.09778479213445808,False,0.14778479213445808,256707.7829785039
19224,279838.35485089716,82398.33448760121,0.29444975307800286,0.05,0.044167462961700425,0.044167462961700425,False,0.09416746296170042,253486.6869352121
19225,1023335.1168721503,555903.8985608214,0.543227618592779,0.05,0.08148414278891684,0.08148414278891684,False,0.13148414278891685,888782.7762444196
19226,1636272.6235724497,1368788.8723195964,0.8365286154645428,0.05,0.1254792923196814,0.1,True,0.15000000000000002,1390831.730036582
19227,741133.7009130412,373230.6384268992,0.5035942070467136,0.05,0.07553913105700705,0.07553913105700705,False,0.12553913105700704,648092.4201033543
19228,393017.21721914987,203527.24169294687,0.5178583348918739,0.05,0.07767875023378108,0.07767875023378108,False,0.12767875023378109,342837.27010425035
19229,604203.3787218732,482140.9607955724,0.7979779289144152,0.05,0.11969668933716228,0.1,True,0.15000000000000002,513572.87191359216
19230,636026.0132082292,256854.73818165401,0.4038431335316502,0.05,0.060576470029747524,0.060576470029747524,False,0.11057647002974752,565696.5018205696
19231,447617.0153781347,118697.08776187449,0.2651755489268039,0.05,0.03977633233902058,0.03977633233902058,False,0.08977633233902058,407431.6014449468
19232,479861.73986244004,109670.06387485308,0.22854513032502183,0.05,0.034281769548753276,0.034281769548753276,False,0.08428176954875327,439418.1432880901
19233,376680.45558366296,213020.2546147426,0.5655197965731182,0.05,0.08482796948596773,0.08482796948596773,False,0.13482796948596773,325893.3946122684
19234,815825.0883787387,328565.64910932956,0.40274031013470896,0.05,0.06041104652020634,0.06041104652020634,False,0.11041104652020634,725748.9865934023
19235,601205.0594882958,564453.4990474564,0.9388701743925446,0.05,0.1408305261588817,0.1,True,0.15000000000000002,511024.30056505144
19236,206529.74227796862,114465.64591560491,0.5542332288467463,0.05,0.08313498432701194,0.08313498432701194,False,0.13313498432701193,179033.40827672943
19237,444533.1631016191,163603.02653276228,0.36803334399454707,0.05,0.05520500159918206,0.05520500159918206,False,0.10520500159918206,397766.05096662376
19238,554800.2388347322,210166.53172755602,0.3788147823601819,0.05,0.05682221735402728,0.05682221735402728,False,0.10682221735402728,495535.24713386217
19239,1297597.0440470683,767548.3268543737,0.5915151628740394,0.05,0.08872727443110591,0.08872727443110591,False,0.1387272744311059,1117584.942816559
19240,1042367.9012900415,633137.8378043488,0.6074034292698126,0.05,0.0911105143904719,0.0911105143904719,False,0.1411105143904719,895278.8305548872
19241,1153973.5517759232,378296.27584094845,0.32782057722099806,0.05,0.04917308658314971,0.04917308658314971,False,0.09917308658314972,1039530.4328109848
19242,538572.961864467,222086.85633504903,0.4123616892430215,0.05,0.06185425338645323,0.06185425338645323,False,0.11185425338645323,478331.2853209863
19243,207487.3779554399,73877.94005418202,0.3560599241369183,0.05,0.053408988620537744,0.053408988620537744,False,0.10340898862053774,186031.31804954063
19244,879684.6917267737,85167.17688373418,0.09681557231211514,0.05,0.01452233584681727,0.01452233584681727,False,0.06452233584681727,822925.380607875
19245,534546.5741871102,193286.98961631936,0.3615905497294649,0.05,0.05423858245941974,0.05423858245941974,False,0.10423858245941975,478826.1970353068
19246,370910.80970307393,154691.28915230103,0.4170579155569405,0.05,0.06255868733354107,0.06255868733354107,False,0.11255868733354107,329161.5758450751
19247,514469.6997890354,148844.65172080952,0.2893166532097907,0.05,0.04339749798146861,0.04339749798146861,False,0.09339749798146861,466419.51704146224
19248,729522.2596461017,359649.266018681,0.49299286109946844,0.05,0.07394892916492027,0.07394892916492027,False,0.12394892916492027,639098.7567609944
19249,397249.83866799757,123544.97412759147,0.31100069050209095,0.05,0.04665010357531364,0.04665010357531364,False,0.09665010357531365,358855.60061545897
19250,903900.454950216,378077.718762749,0.4182736237073499,0.05,0.06274104355610248,0.06274104355610248,False,0.11274104355610248,801993.7743882928
19251,491455.38216179435,202694.11068096268,0.41243644497158605,0.05,0.0618654667457379,0.0618654667457379,False,0.11186546674573791,436478.49645156023
19252,1214674.9980803335,640777.3596796441,0.5275298830488201,0.05,0.07912948245732301,0.07912948245732301,False,0.12912948245732303,1057824.6442243701
19253,620173.967564935,167296.79997712956,0.26975785622541926,0.05,0.040463678433812884,0.040463678433812884,False,0.0904636784338129,564070.7491901189
19254,365166.9741039198,190029.03849607962,0.5203894436576316,0.05,0.07805841654864475,0.07805841654864475,False,0.12805841654864475,318404.2696243119
19255,734544.2407212567,353586.9202404192,0.4813691274649822,0.05,0.07220536911974733,0.07220536911974733,False,0.12220536911974733,644778.990649131
19256,589619.4837508905,247536.0081351701,0.4198233181855844,0.05,0.06297349772783765,0.06297349772783765,False,0.11297349772783766,523008.1083430705
19257,402597.24650977616,153024.58279244695,0.38009346591179705,0.05,0.05701401988676955,0.05701401988676955,False,0.10701401988676956,359513.6967654203
19258,314518.8217095684,193293.39846794962,0.614568620781747,0.05,0.09218529311726205,0.09218529311726205,False,0.14218529311726205,269798.87085389753
19259,245143.61704209927,189389.69901790045,0.772566307469372,0.05,0.1158849461204058,0.1,True,0.15000000000000002,208372.07448578437
19260,328206.9100346619,156436.18893599435,0.4766389254859782,0.05,0.07149583882289673,0.07149583882289673,False,0.12149583882289673,288331.13619252964
19261,657401.3234808692,235035.1351539786,0.3575215424110996,0.05,0.05362823136166494,0.05362823136166494,False,0.10362823136166494,589275.9870337289
19262,275306.88650487,41891.2397493099,0.15216197560887698,0.05,0.022824296341331547,0.022824296341331547,False,0.07282429634133156,255257.85621723003
19263,280263.8131100333,51877.58237984762,0.18510267809522796,0.05,0.027765401714284193,0.027765401714284193,False,0.0777654017142842,258468.98509755448
19264,842120.5590916185,321929.3320079688,0.38228413798046756,0.05,0.057342620697070135,0.057342620697070135,False,0.10734262069707014,751725.1313358423
19265,331344.02324974135,197045.56724430452,0.5946857447788847,0.05,0.0892028617168327,0.0892028617168327,False,0.13920286171683272,285219.9870006086
19266,494985.016431908,93188.79648831568,0.18826589370334018,0.05,0.028239884055501027,0.028239884055501027,False,0.07823988405550103,456257.4461370653
19267,325507.90676772734,273688.36242458504,0.8408040380410201,0.05,0.12612060570615302,0.1,True,0.15000000000000002,276681.7207525682
19268,577161.9729263779,98552.6766130366,0.1707539325803917,0.05,0.025613089887058755,0.025613089887058755,False,0.07561308988705875,533520.9727881035
19269,511235.9209723265,157785.23422758596,0.3086348743403869,0.05,0.04629523115105803,0.04629523115105803,False,0.09629523115105804,462006.33978957223
19270,293430.29206269723,90762.71186754067,0.3093160942229761,0.05,0.04639741413344642,0.04639741413344642,False,0.09639741413344642,265144.3706794313
19271,171716.36325613715,217252.90579757275,1.265184643315046,0.05,0.1897776964972569,0.1,True,0.15000000000000002,145958.90876771658
19272,369431.6794796224,189176.2825873961,0.5120737963075279,0.05,0.07681106944612918,0.07681106944612918,False,0.1268110694461292,322583.65311753185
19273,592015.1907540255,386580.69543955656,0.6529911756946382,0.05,0.09794867635419573,0.09794867635419573,False,0.14794867635419573,504427.32690039073
19274,441053.16424794996,262988.07402892155,0.5962729560672094,0.05,0.08944094341008141,0.08944094341008141,False,0.1394409434100814,379552.29493121424
19275,604054.4023533018,306775.60779762024,0.5078608923343167,0.05,0.0761791338501475,0.0761791338501475,False,0.1261791338501475,527835.3410659936
19276,457653.2651866798,230465.41756378382,0.5035808440474591,0.05,0.07553712660711885,0.07553712660711885,False,0.12553712660711885,400200.78929277824
19277,273821.599773865,111728.35249973086,0.4080333786377754,0.05,0.0612050067956663,0.0612050067956663,False,0.1112050067956663,243371.26691021214
19278,1167353.9002718818,831222.3023501217,0.7120568168372302,0.05,0.10680852252558452,0.1,True,0.15000000000000002,992250.8152310995
19279,382418.8362321253,140991.53516011062,0.36868355269647296,0.05,0.055302532904470944,0.055302532904470944,False,0.10530253290447095,342149.1641465024
19280,851720.3480712366,221453.80792351882,0.2600076520714951,0.05,0.039001147810724265,0.039001147810724265,False,0.08900114781072427,775916.259479147
19281,246881.5082895905,110337.69564492465,0.44692571918144314,0.05,0.06703885787721647,0.06703885787721647,False,0.11703885787721648,217986.7785283723
19282,596511.6093980011,255332.99425644754,0.42804362938406065,0.05,0.06420654440760909,0.06420654440760909,False,0.11420654440760909,528386.0797896339
19283,333016.4424545824,134009.98299212224,0.4024125115395732,0.05,0.06036187673093597,0.06036187673093597,False,0.11036187673093598,296264.1228830349
19284,451149.9258263658,221694.45214676717,0.49139862262127637,0.05,0.07370979339319145,0.07370979339319145,False,0.12370979339319145,395338.2617130325
19285,301076.12197442935,148180.6602359901,0.4921700839782147,0.05,0.0738255125967322,0.0738255125967322,False,0.1238255125967322,263795.2168403094
19286,549107.4351646677,221815.90470079327,0.4039572049033985,0.05,0.06059358073550977,0.06059358073550977,False,0.11059358073550977,488379.6777013153
19287,487807.2644268854,222649.39356279722,0.4564290239186646,0.05,0.06846435358779969,0.06846435358779969,False,0.11846435358779969,430019.4921711215
19288,252043.04711048308,131097.1480144427,0.5201379269033208,0.05,0.07802068903549812,0.07802068903549812,False,0.12802068903549813,219776.32255279252
19289,454484.11009286117,267927.12144362513,0.58951922739143,0.05,0.08842788410871451,0.08842788410871451,False,0.1384278841087145,391570.8363716743
19290,538987.5704388584,101653.4882602208,0.18860080238483376,0.05,0.028290120357725063,0.028290120357725063,False,0.07829012035772506,496790.1686778823
19291,550869.6327980073,321548.2233984121,0.5837101997530463,0.05,0.08755652996295694,0.08755652996295694,False,0.13755652996295695,475093.9176483451
19292,367838.8780226861,165311.75473085354,0.4494134921775672,0.05,0.06741202382663508,0.06741202382663508,False,0.11741202382663508,324650.1709119238
19293,334320.14562904014,237458.05141962258,0.7102714404865831,0.05,0.10654071607298746,0.1,True,0.15000000000000002,284172.1237846841
19294,187590.813008627,192381.66041549842,1.025538816800432,0.05,0.1538308225200648,0.1,True,0.15000000000000002,159452.19105733297
19295,282428.74753307144,75210.47443390524,0.2662989341235469,0.05,0.039944840118532034,0.039944840118532034,False,0.08994484011853204,257025.73899133207
19296,325579.32152281463,84496.27925813227,0.2595259393714637,0.05,0.03892889090571955,0.03892889090571955,False,0.08892889090571955,296625.9135579541
19297,591725.1055892713,509029.63376890303,0.8602468087981231,0.05,0.12903702131971845,0.1,True,0.15000000000000002,502966.3397508806
19298,319276.5662414933,85068.65528477306,0.2664419010959581,0.05,0.03996628516439372,0.03996628516439372,False,0.08996628516439373,290552.43963670265
19299,295163.0811506278,346775.28754817875,1.1748599662137698,0.05,0.17622899493206545,0.1,True,0.15000000000000002,250888.61897803363
19300,443477.3677279521,99516.77167628729,0.2244010155154865,0.05,0.03366015232732297,0.03366015232732297,False,0.08366015232732298,406375.9835901114
19301,226585.43503371777,129254.615182988,0.5704453826158502,0.05,0.08556680739237753,0.08556680739237753,False,0.13556680739237753,195867.9710045837
19302,412431.91594110185,344739.58407626813,0.8358702873167055,0.05,0.12538054309750582,0.1,True,0.15000000000000002,350567.1285499366
19303,511419.60854908836,231595.89188214857,0.4528490656414066,0.05,0.06792735984621098,0.06792735984621098,False,0.11792735984621099,451109.24433931167
19304,540193.7441087335,204530.90961973782,0.3786250985879033,0.05,0.056793764788185486,0.056793764788185486,False,0.10679376478818549,482504.42046033614
19305,441292.4119381988,101326.1214902199,0.229612199868078,0.05,0.0344418299802117,0.0344418299802117,False,0.0844418299802117,404028.87311775587
19306,843229.5789608059,386027.35083374684,0.4577962638709686,0.05,0.0686694395806453,0.0686694395806453,False,0.1186694395806453,743163.9973877035
19307,556132.8461349333,120010.74261221272,0.21579509904202776,0.05,0.03236926485630416,0.03236926485630416,False,0.08236926485630416,510324.5924363547
19308,302256.57703450456,160575.11322568406,0.531254323069216,0.05,0.0796881484603824,0.0796881484603824,False,0.1296881484603824,263057.4811989267
19309,587170.7267500693,366449.49802197947,0.6240936091113405,0.05,0.09361404136670107,0.09361404136670107,False,0.14361404136670108,502844.7657092689
19310,234149.83932644958,161535.75150508774,0.6898819660511322,0.05,0.10348229490766982,0.1,True,0.15000000000000002,199027.36342748214
19311,323114.31353429786,232954.2773824723,0.7209655147565746,0.05,0.10814482721348619,0.1,True,0.15000000000000002,274647.16650415317
19312,581529.3372995928,116663.26472388627,0.20061458165744026,0.05,0.030092187248616037,0.030092187248616037,False,0.08009218724861604,534953.3807260302
19313,435229.12311562686,248047.85794769204,0.5699247701349099,0.05,0.08548871552023649,0.08548871552023649,False,0.1354887155202365,376260.48826769175
19314,369632.5966811397,93497.04887605488,0.252945897400681,0.05,0.03794188461010215,0.03794188461010215,False,0.08794188461010216,337126.4095156745
19315,426969.06745107955,261245.84154008992,0.6118612833001595,0.05,0.09177919249502393,0.09177919249502393,False,0.14177919249502394,366433.7378475121
19316,872580.4771315613,182214.48397545563,0.20882255419517332,0.05,0.031323383129275996,0.031323383129275996,False,0.081323383129276,801619.2806786648
19317,774911.3982826557,225983.6817694985,0.2916251874347433,0.05,0.0437437781152115,0.0437437781152115,False,0.0937437781152115,702268.2761030982
19318,649633.214695666,262428.4624894569,0.40396404702366845,0.05,0.06059460705355026,0.06059460705355026,False,0.11059460705355026,577787.2845874642
19319,283014.7084691456,135735.50946552993,0.4796058487551289,0.05,0.07194087731326933,0.07194087731326933,False,0.12194087731326933,248503.64662585882
19320,669115.9546580445,237167.08354609297,0.35444840598263505,0.05,0.053167260897395256,0.053167260897395256,False,0.10316726089739525,600085.0943932283
19321,263810.63751502306,86722.45395743157,0.32872993589006827,0.05,0.04930949038351024,0.04930949038351024,False,0.09930949038351025,237611.73754565718
19322,311062.24744309095,145845.47161655384,0.46886265631844753,0.05,0.07032939844776713,0.07032939844776713,False,0.12032939844776713,273632.3143284533
19323,227381.73016602435,197741.4108080744,0.8696451146874999,0.05,0.13044676720312498,0.1,True,0.15000000000000002,193274.4706411207
19324,845087.2253150966,195213.64229454997,0.23099821704412019,0.05,0.034649732556618025,0.034649732556618025,False,0.08464973255661803,773550.8177051592
19325,226699.1306797319,64208.64879120409,0.2832328849196804,0.05,0.04248493273795206,0.04248493273795206,False,0.09248493273795205,205732.8768270647
19326,511457.86297352356,164506.69350956928,0.3216427108054554,0.05,0.04824640662081831,0.04824640662081831,False,0.09824640662081832,461208.965798412
19327,343938.86297672114,73942.64787030616,0.21498776622783344,0.05,0.03224816493417502,0.03224816493417502,False,0.08224816493417503,315650.52264733915
19328,461504.25064592937,298002.72540189384,0.6457204348276404,0.05,0.09685806522414606,0.09685806522414606,False,0.14685806522414607,393728.62930334883
19329,592410.525032839,304727.642551007,0.5143859362291293,0.05,0.0771578904343694,0.0771578904343694,False,0.1271578904343694,517080.852398546
19330,269567.61515332985,98863.23790210648,0.3667474590591053,0.05,0.05501211885886579,0.05501211885886579,False,0.1050121188588658,241259.7487103474
19331,299388.5688760012,150247.54092816458,0.501847954623789,0.05,0.07527719319356833,0.07527719319356833,False,0.12527719319356834,261882.0092929765
19332,347922.9104034811,110471.86071581568,0.31751821283543263,0.05,0.047627731925314894,0.047627731925314894,False,0.0976277319253149,313955.9857759347
19333,1193946.5409787183,693109.4552376233,0.5805196727396673,0.05,0.0870779509109501,0.0870779509109501,False,0.1370779509109501,1030282.7956441389
19334,396129.1982767838,151406.27379721112,0.38221437464304353,0.05,0.05733215619645653,0.05733215619645653,False,0.10733215619645653,353611.79729336296
19335,1265055.3899619184,552914.2386941,0.4370672170415749,0.05,0.06556008255623623,0.06556008255623623,False,0.11556008255623623,1118865.4846597074
19336,695648.512001399,152274.17508327996,0.2188952789465231,0.05,0.03283429184197847,0.03283429184197847,False,0.08283429184197846,638024.960138837
19337,470883.88348077156,123017.08856528642,0.26124718403175035,0.05,0.03918707760476255,0.03918707760476255,False,0.08918707760476255,428887.12602194
19338,438918.4011754353,144783.0370966521,0.32986321992634443,0.05,0.04947948298895166,0.04947948298895166,False,0.09947948298895166,395255.0255521657
19339,923286.1745122585,183706.29685009154,0.19897005058820197,0.05,0.029845507588230295,0.029845507588230295,False,0.0798455075882303,849565.9212591319
19340,300800.6874650835,220611.2199753875,0.7334132838409677,0.05,0.11001199257614515,0.1,True,0.15000000000000002,255680.58434532097
19341,686390.7261487616,254161.7790977168,0.3702873151037187,0.05,0.055543097265557805,0.055543097265557805,False,0.1055430972655578,613946.922976666
19342,533217.9000296788,143514.86741043732,0.2691486302362492,0.05,0.04037229453543738,0.04037229453543738,False,0.09037229453543738,485029.7749166293
19343,943146.4110062752,503498.7164564496,0.5338500052385817,0.05,0.08007750078578725,0.08007750078578725,False,0.13007750078578725,820464.282987494
19344,478430.1559368698,132327.2048257779,0.27658625440667006,0.05,0.04148793816100051,0.04148793816100051,False,0.09148793816100051,434659.5674161596
19345,541966.257621029,213878.20505312382,0.39463380246575896,0.05,0.05919507036986384,0.05919507036986384,False,0.10919507036986384,482786.213982009
19346,290936.2460959367,109835.3377233994,0.3775237331108652,0.05,0.05662855996662977,0.05662855996662977,False,0.10662855996662977,259914.13313262994
19347,944567.1963985092,223920.80464335484,0.2370618051284554,0.05,0.035559270769268306,0.035559270769268306,False,0.08555927076926831,863750.7158820805
19348,398492.69199330686,192182.45271545585,0.48227346843962643,0.05,0.07234102026594397,0.07234102026594397,False,0.12234102026594397,349740.68948632316
19349,234244.8047379672,184967.04377686305,0.7896313601651587,0.05,0.11844470402477379,0.1,True,0.15000000000000002,199108.08402727213
19350,615365.4062304101,266807.6674943863,0.4335759936990771,0.05,0.06503639905486157,0.06503639905486157,False,0.11503639905486157,544575.9857947316
19351,664306.6914086787,156984.0505709385,0.23631261373876872,0.05,0.035446892060815305,0.035446892060815305,False,0.08544689206081531,607543.749252604
19352,584728.512479062,128768.26932574378,0.22021889916024018,0.05,0.03303283487403603,0.03303283487403603,False,0.08303283487403604,536176.8464562473
19353,567706.816915466,54879.623910099035,0.09666895354238955,0.05,0.014500343031358432,0.014500343031358432,False,0.06450034303135843,531089.5324831778
19354,991563.0072844251,725651.3579923674,0.7318257666547031,0.05,0.10977386499820546,0.1,True,0.15000000000000002,842828.5561917613
19355,474731.994763467,105873.57296296372,0.22301756386930427,0.05,0.033452634580395636,0.033452634580395636,False,0.08345263458039565,435114.3590808491
19356,562264.6790788558,222697.539526481,0.39607243316674423,0.05,0.059410864975011635,0.059410864975011635,False,0.10941086497501164,500746.81419594085
19357,711593.644009052,185332.16514662595,0.26044662808183877,0.05,0.039066994212275816,0.039066994212275816,False,0.08906699421227582,648214.1370366055
19358,456149.45994677907,74153.85661753343,0.16256482387633492,0.05,0.024384723581450236,0.024384723581450236,False,0.07438472358145023,422218.9084568101
19359,601383.5673746505,159699.41763435432,0.26555334448449375,0.05,0.03983300167267406,0.03983300167267406,False,0.08983300167267406,547359.4763607648
19360,316149.0057383336,241621.53936875093,0.764264745367358,0.05,0.1146397118051037,0.1,True,0.15000000000000002,268726.65487758355
19361,422107.89776035276,184818.89049435442,0.43784750646689713,0.05,0.06567712597003457,0.06567712597003457,False,0.11567712597003457,373279.66929818195
19362,570285.8043062349,222205.8817858951,0.3896395107646303,0.05,0.05844592661469455,0.05844592661469455,False,0.10844592661469454,508440.6318230389
19363,966892.0591773285,594673.3741259564,0.6150359478926003,0.05,0.09225539218389005,0.09225539218389005,False,0.14225539218389005,829346.4500995686
19364,665827.5159411591,230732.1722805514,0.34653445037399416,0.05,0.051980167556099126,0.051980167556099126,False,0.10198016755609912,597926.3143020184
19365,388302.4594572843,81919.22776914341,0.21096757379193226,0.05,0.03164513606878984,0.03164513606878984,False,0.08164513606878984,356599.4523190486
19366,283442.2888111916,283830.1264581427,1.0013683125710624,0.05,0.15020524688565937,0.1,True,0.15000000000000002,240925.94548951287
19367,552972.0552903689,253049.52499887568,0.4576172024931674,0.05,0.06864258037397511,0.06864258037397511,False,0.11864258037397511,487366.02377601905
19368,293375.6542063923,122343.85577911657,0.41702116049836435,0.05,0.06255317407475465,0.06255317407475465,False,0.11255317407475465,260355.2931292052
19369,498581.7220935318,150591.16646865942,0.3020390836557967,0.05,0.0453058625483695,0.0453058625483695,False,0.09530586254836951,451063.9610185563
19370,627613.6593989519,235867.01827320806,0.3758156227815235,0.05,0.05637234341722852,0.05637234341722852,False,0.10637234341722852,560852.9236880231
19371,170694.33853616042,182917.34799249558,1.0716075855892888,0.05,0.1607411378383933,0.1,True,0.15000000000000002,145090.18775573635
19372,375328.57322842465,200984.44412410213,0.5354893244479502,0.05,0.08032339866719253,0.08032339866719253,False,0.13032339866719253,326414.4779483881
19373,638592.8741560295,184291.91476307856,0.28859062200880414,0.05,0.04328859330132062,0.04328859330132062,False,0.09328859330132062,579019.4432337662
19374,566171.1398420874,135594.89452895394,0.23949453616935182,0.05,0.03592418042540277,0.03592418042540277,False,0.08592418042540277,517523.34867063997
19375,226468.39180013773,169907.2396105731,0.7502470356239346,0.05,0.11253705534359018,0.1,True,0.15000000000000002,192498.13303011705
19376,362000.704054061,89391.81166781968,0.2469382259943615,0.05,0.03704073389915422,0.03704073389915422,False,0.08704073389915423,330491.897101185
19377,394593.12601102935,159272.26694708894,0.4036366992937355,0.05,0.060545504894060326,0.060545504894060326,False,0.11054550489406033,350972.62966841453
19378,336429.5708172391,88435.50860337616,0.262864849806611,0.05,0.03942972747099165,0.03942972747099165,False,0.08942972747099165,306342.76598587073
19379,240895.92502342933,148884.69605135004,0.618045722595223,0.05,0.09270685838928344,0.09270685838928344,False,0.14270685838928343,206518.42436455537
19380,441975.47174894216,175208.93625536398,0.3964223072426266,0.05,0.05946334608639399,0.05946334608639399,False,0.10946334608639399,393595.35772319045
19381,363565.8197948935,195299.16530243325,0.5371769145202145,0.05,0.08057653717803218,0.08057653717803218,False,0.1305765371780322,316092.6540097838
19382,357476.8927629728,225739.46694079018,0.6314798844647788,0.05,0.0947219826697168,0.0947219826697168,False,0.1447219826697168,305742.1280837056
19383,536922.5842535137,136894.12298169144,0.2549606349153967,0.05,0.038244095237309504,0.038244095237309504,False,0.0882440952373095,489542.33659358433
19384,225065.98745038922,161800.40834797907,0.7189020881426802,0.05,0.10783531322140202,0.1,True,0.15000000000000002,191306.08933283083
19385,321098.0874987646,115540.41266689147,0.3598290278428893,0.05,0.05397435417643339,0.05397435417643339,False,0.10397435417643339,287712.12122379267
19386,593337.0264449083,186471.03077386925,0.3142750620016854,0.05,0.047141259300252814,0.047141259300252814,False,0.09714125930025282,535699.5205065826
19387,719633.1170399194,110122.69493490958,0.15302616337041208,0.05,0.02295392450556181,0.02295392450556181,False,0.07295392450556182,667133.056947687
19388,395527.94524852943,126716.38049588888,0.32037276257753877,0.05,0.048055914386630816,0.048055914386630816,False,0.09805591438663082,356744.0909117196
19389,314900.06977519207,142598.03964176707,0.4528358464435024,0.05,0.06792537696652536,0.06792537696652536,False,0.11792537696652536,277765.3603401674
19390,253552.6154592014,97206.57508307652,0.38337831738406114,0.05,0.05750674760760917,0.05750674760760917,False,0.10750674760760917,226293.99842377985
19391,574909.9834801125,119251.34135354811,0.20742610979145276,0.05,0.031113916468717914,0.031113916468717914,False,0.08111391646871792,528276.7831030746
19392,296151.6461157432,159758.77050558856,0.5394492065161474,0.05,0.0809173809774221,0.0809173809774221,False,0.13091738097742212,257380.24823411775
19393,376521.36671947606,126908.3330031095,0.33705479747092665,0.05,0.05055821962063899,0.05055821962063899,False,0.10055821962063899,338659.04843303584
19394,491730.5393488133,163300.2979636459,0.33209305685976,0.05,0.049813958528963996,0.049813958528963996,False,0.09981395852896399,442648.9676868257
19395,428169.1405044107,194331.88444375276,0.45386709610790105,0.05,0.06808006441618515,0.06808006441618515,False,0.11808006441618515,377610.9008126273
19396,498546.3714139781,234205.3362616821,0.46977643342870695,0.05,0.07046646501430603,0.07046646501430603,False,0.12046646501430604,438488.2524040269
19397,420906.2298470115,83650.21167710557,0.19873835487659627,0.05,0.02981075323148944,0.02981075323148944,False,0.07981075323148945,387313.3866030951
19398,603034.2051786302,123855.70316475886,0.2053875254523422,0.05,0.03080812881785133,0.03080812881785133,False,0.08080812881785134,554304.1394449848
19399,731006.02472325,206732.77532534697,0.2828058433630742,0.05,0.04242087650446113,0.04242087650446113,False,0.09242087650446112,663445.8071882854
19400,716443.5197691594,345233.79312325804,0.48187161108595633,0.05,0.07228074166289344,0.07228074166289344,False,0.12228074166289345,628836.2748122127
19401,747249.8116266476,346684.93726674095,0.46394784163553193,0.05,0.06959217624532979,0.06959217624532979,False,0.11959217624532979,657884.580455304
19402,618982.9082073211,252786.5376492595,0.4083901741024998,0.05,0.06125852611537497,0.06125852611537497,False,0.11125852611537497,550115.7821495661
19403,356422.57436199614,93536.57589690207,0.26243168257323346,0.05,0.03936475238598502,0.03936475238598502,False,0.08936475238598501,324570.959259361
19404,554474.2238571469,260271.63164622313,0.4694025807650145,0.05,0.07041038711475217,0.07041038711475217,False,0.12041038711475217,487709.7679173561
19405,501830.22202309244,146344.02269402042,0.2916205845555595,0.05,0.043743087683333924,0.043743087683333924,False,0.09374308768333392,454787.10751783475
19406,1104909.1360932977,461266.7900714753,0.4174703376084007,0.05,0.0626205506412601,0.0626205506412601,False,0.1126205506412601,980473.6607779115
19407,340303.23645813874,208695.10859575216,0.6132621915907758,0.05,0.09198932873861636,0.09198932873861636,False,0.14198932873861636,291983.808345869
19408,788169.2705226657,308605.9399413882,0.39154779497650244,0.05,0.05873216924647536,0.05873216924647536,False,0.10873216924647536,702469.9160053242
19409,479365.60848671943,279751.552068809,0.5835870306840324,0.05,0.08753805460260486,0.08753805460260486,False,0.13753805460260488,413434.59525206214
19410,816720.4100795302,411353.2139159135,0.503664667662532,0.05,0.0755497001493798,0.0755497001493798,False,0.1255497001493798,714181.4074881667
19411,687504.2041755947,328228.15846332663,0.4774198564456985,0.05,0.07161297846685477,0.07161297846685477,False,0.12161297846685477,603894.770197316
19412,860892.7526431298,380023.5697381076,0.44142963054497997,0.05,0.066214444581747,0.066214444581747,False,0.116214444581747,760844.5795502572
19413,519997.7491096896,291560.89156749,0.560696449295567,0.05,0.08410446739433504,0.08410446739433504,False,0.13410446739433504,450263.72791908163
19414,808017.6508383323,308445.259191795,0.38173084322078576,0.05,0.05725962648311786,0.05725962648311786,False,0.10725962648311786,721349.9794176464
19415,487929.28799678065,69956.68808210781,0.14337464424264973,0.05,0.021506196636397457,0.021506196636397457,False,0.07150619663639746,453039.32038462546
19416,1184840.214159986,597553.9839289224,0.5043329697857776,0.05,0.07564994546786663,0.07564994546786663,False,0.12564994546786662,1035965.1058626485
19417,273875.09778138687,216781.75904553343,0.7915351224030357,0.05,0.11873026836045535,0.1,True,0.15000000000000002,232793.83311417882
19418,307667.49076919886,81629.4234147215,0.26531702524254336,0.05,0.0397975537863815,0.0397975537863815,False,0.0897975537863815,280039.70271853067
19419,767910.5182040033,690083.6665642005,0.8986511451596926,0.05,0.13479767177395388,0.1,True,0.15000000000000002,652723.9404734029
19420,518722.69348877756,189892.93347550696,0.3660779369384101,0.05,0.05491169054076152,0.05491169054076152,False,0.10491169054076152,464302.61879301263
19421,193207.6436982666,162291.98641915445,0.8399874006672672,0.05,0.12599811010009007,0.1,True,0.15000000000000002,164226.4971435266
19422,827801.1671879392,899984.6692695889,1.0871990822709985,0.05,0.16307986234064978,0.1,True,0.15000000000000002,703630.9921097483
19423,498983.0538053487,221664.75226966623,0.4442330267114377,0.05,0.06663495400671565,0.06663495400671565,False,0.11663495400671565,440784.18827463133
19424,333885.9001518419,124449.75135573698,0.3727313770936141,0.05,0.055909706564042115,0.055909706564042115,False,0.10590970656404211,298524.14244088926
19425,267168.4456094033,104343.37910082622,0.39055277977465513,0.05,0.058582916966198266,0.058582916966198266,False,0.10858291696619826,238158.5164638092
19426,250114.52313930192,155952.0551629283,0.6235225895941693,0.05,0.09352838843912539,0.09352838843912539,False,0.1435283884391254,214215.98870789757
19427,223583.7168889165,60093.506989595626,0.26877407633156036,0.05,0.04031611144973405,0.04031611144973405,False,0.09031611144973406,203390.50499603135
19428,375766.5220139079,79244.92642849765,0.2108887348553223,0.05,0.03163331022829834,0.03163331022829834,False,0.08163331022829834,345091.45694893785
19429,825450.806329636,139070.61739103775,0.16847838335686502,0.05,0.02527175750352975,0.02527175750352975,False,0.07527175750352975,763317.6734044985
19430,194463.66455026597,207936.64680893405,1.0692827747015203,0.05,0.16039241620522804,0.1,True,0.15000000000000002,165294.11486772608
19431,857214.639139802,333272.8345000609,0.3887857477964838,0.05,0.058317862169472566,0.058317862169472566,False,0.10831786216947256,764362.9820078027
19432,530864.5782462556,194283.54193361936,0.3659757118763644,0.05,0.05489635678145466,0.05489635678145466,False,0.10489635678145466,475178.81804389996
19433,372772.1961265904,291279.09157105576,0.7813863120631983,0.05,0.11720794680947974,0.1,True,0.15000000000000002,316856.3667076019
19434,434022.35039732757,142269.26657668757,0.32779248913436504,0.05,0.049168873370154756,0.049168873370154756,False,0.09916887337015476,390980.842890958
19435,869993.5741888729,97694.75414082024,0.11229365025127301,0.05,0.01684404753769095,0.01684404753769095,False,0.06684404753769095,811839.6823583063
19436,499096.4846151162,299198.86029872973,0.5994810012125417,0.05,0.08992215018188125,0.08992215018188125,False,0.13992215018188126,429261.8313395509
19437,358530.61914193037,126524.52870366798,0.35289741502825767,0.05,0.05293461225423865,0.05293461225423865,False,0.10293461225423865,321625.40887928364
19438,216024.67271792778,67255.07712926841,0.31133053592024695,0.05,0.046699580388037044,0.046699580388037044,False,0.09669958038803705,195135.17751264112
19439,292342.244579223,94512.3315131168,0.3232934454928033,0.05,0.048494016823920495,0.048494016823920495,False,0.0984940168239205,263548.2826232943
19440,291238.09564892174,79459.61182548749,0.272833853168967,0.05,0.04092507797534505,0.04092507797534505,False,0.09092507797534505,264757.2490926525
19441,795814.3300962062,381082.8395881504,0.47885898151907014,0.05,0.07182884722786052,0.07182884722786052,False,0.12182884722786053,698861.1876531732
19442,382754.59340351564,336499.3410885117,0.8791516728677381,0.05,0.1318727509301607,0.1,True,0.15000000000000002,325341.4043929883
19443,581424.4827722369,119299.94108471717,0.20518561673889965,0.05,0.030777842510834947,0.030777842510834947,False,0.08077784251083495,534458.2674709174
19444,949687.7519086879,359679.43038756866,0.3787344099833686,0.05,0.056810161497505285,0.056810161497505285,False,0.10681016149750529,848251.4497551181
19445,324298.0230521152,299321.69928545714,0.9229834226814132,0.05,0.13844751340221198,0.1,True,0.15000000000000002,275653.3195942979
19446,486923.1520855182,251689.3972811568,0.5168975765542417,0.05,0.07753463648313626,0.07753463648313626,False,0.12753463648313626,424823.58488906873
19447,371461.79754544713,35845.08999543928,0.09649737935986204,0.05,0.014474606903979306,0.014474606903979306,False,0.06447460690397931,347511.94416885887
19448,553849.1694074912,204002.78077579552,0.3683363486742032,0.05,0.05525045230113047,0.05525045230113047,False,0.10525045230113048,495556.29382074735
19449,287916.9756815218,115895.74141826134,0.4025318102342772,0.05,0.060379771535141576,0.060379771535141576,False,0.11037977153514159,256136.76568470654
19450,638630.7699694587,151759.51801220537,0.23763264338087403,0.05,0.0356448965071311,0.0356448965071311,False,0.08564489650713111,583935.3037691549
19451,491674.1320638989,278447.49616815266,0.5663252915082486,0.05,0.08494879372623729,0.08494879372623729,False,0.1349487937262373,425323.3010354811
19452,524854.234420467,230139.8645100512,0.43848339103935546,0.05,0.06577250865590331,0.06577250865590331,False,0.11577250865590331,464090.54302293604
19453,2165957.6607942213,1518721.4538474989,0.7011778121695179,0.05,0.10517667182542768,0.1,True,0.15000000000000002,1841064.011675088
19454,435968.14747533016,145047.06240064296,0.33270105451648996,0.05,0.04990515817747349,0.04990515817747349,False,0.0999051581774735,392412.6807414672
19455,346206.2175292097,188399.27414092957,0.544182237642899,0.05,0.08162733564643485,0.08162733564643485,False,0.13162733564643486,300636.01553160977
19456,1469939.0935635283,1070730.0205137776,0.7284179495614609,0.05,0.10926269243421913,0.1,True,0.15000000000000002,1249448.229528999
19457,448406.64288637287,282398.72118756664,0.6297826440968384,0.05,0.09446739661452576,0.09446739661452576,False,0.14446739661452576,383626.50256391923
19458,242753.49477982428,56713.41693755268,0.23362554260646734,0.05,0.0350438313909701,0.0350438313909701,False,0.0850438313909701,222108.80750020017
19459,539135.1633558174,143048.42471763492,0.2653294283890477,0.05,0.03979941425835715,0.03979941425835715,False,0.08979941425835716,490721.14148038137
19460,503155.1486090974,111455.52683233767,0.2215132392870092,0.05,0.033226985893051376,0.033226985893051376,False,0.08322698589305139,461279.06215379183
19461,460965.1860742305,146396.01936898322,0.3175858476770275,0.05,0.047637877151554125,0.047637877151554125,False,0.09763787715155413,415957.52386517153
19462,317441.8271899192,80793.31482037331,0.2545137656734702,0.05,0.038177064851020535,0.038177064851020535,False,0.08817706485102053,289450.73860736727
19463,664777.7381793412,141498.83477885427,0.21285134361806993,0.05,0.03192770154271049,0.03192770154271049,False,0.0819277015427105,610314.026053546
19464,407628.1717713713,187114.26110875036,0.4590317207361669,0.05,0.06885475811042503,0.06885475811042503,False,0.11885475811042504,359179.6240164902
19465,207540.4227955257,134370.72266198258,0.6474436201489682,0.05,0.09711654302234522,0.09711654302234522,False,0.14711654302234523,177007.79325645202
19466,929072.6336725968,413661.57585532614,0.4452413738849826,0.05,0.06678620608274738,0.06678620608274738,False,0.11678620608274738,820569.765610668
19467,490773.67510606395,114657.71768158284,0.23362646265980647,0.05,0.03504396939897097,0.03504396939897097,False,0.08504396939897096,449036.33369852335
19468,423659.0593041106,168166.3531653497,0.39693793741027183,0.05,0.05954069061154077,0.05954069061154077,False,0.10954069061154077,377251.1533641026
19469,382151.7209487407,187853.51318534068,0.49156788492007886,0.05,0.07373518273801183,0.07373518273801183,False,0.12373518273801183,334866.10792350257
19470,330097.38783589494,158463.57905763976,0.48005099372800414,0.05,0.07200764905920062,0.07200764905920062,False,0.12200764905920063,289822.98158545425
19471,341457.5861091631,91507.45460070489,0.2679906914454968,0.05,0.04019860371682452,0.04019860371682452,False,0.09019860371682453,310658.58861359925
19472,444119.98632890324,141339.24951613846,0.3182456405181154,0.05,0.047736846077717304,0.047736846077717304,False,0.09773684607771731,400713.09958503733
19473,711320.3285598665,180967.83786633983,0.2544111711705553,0.05,0.03816167567558329,0.03816167567558329,False,0.08816167567558329,648609.1364519222
19474,466257.94537315075,183604.0121049604,0.3937820554629269,0.05,0.05906730831943903,0.05906730831943903,False,0.10906730831943903,415404.44628874917
19475,514631.2079140996,352927.4561141498,0.685787124229472,0.05,0.10286806863442079,0.1,True,0.15000000000000002,437436.52672698465
19476,495227.6792382441,154331.41231788066,0.31163729086240133,0.05,0.0467455936293602,0.0467455936293602,False,0.0967455936293602,447316.58342864976
19477,594939.5571464321,233971.57830969646,0.39326949351278245,0.05,0.058990424026917364,0.058990424026917364,False,0.10899042402691736,530096.842542656
19478,340526.679239855,211474.04877145056,0.6210205004891722,0.05,0.09315307507337584,0.09315307507337584,False,0.14315307507337582,291779.23796214466
19479,767913.6935315023,313063.8316560226,0.4076810119328595,0.05,0.06115215178992892,0.06115215178992892,False,0.11115215178992893,682558.4341065238
19480,326485.67639811087,146915.74827921746,0.44999140513616587,0.05,0.06749871077042488,0.06749871077042488,False,0.11749871077042488,288124.0303363227
19481,399786.8763512095,271820.28001732926,0.6799129638726245,0.05,0.10198694458089366,0.1,True,0.15000000000000002,339818.84489852807
19482,559963.6189966714,236091.94450167462,0.42162014904592937,0.05,0.0632430223568894,0.0632430223568894,False,0.1132430223568894,496551.6463715866
19483,467270.3087380496,90653.64467550546,0.19400685851479094,0.05,0.029101028777218638,0.029101028777218638,False,0.07910102877721864,430308.74659982126
19484,743033.9993207033,455129.16550189536,0.6125280484042233,0.05,0.09187920726063349,0.09187920726063349,False,0.1418792072606335,637612.9245293838
19485,262703.7523774375,97134.00730450184,0.3697473158470357,0.05,0.055462097377055354,0.055462097377055354,False,0.10546209737705536,234998.46366289034
19486,221533.63483566896,70704.81092263095,0.31916061403081725,0.05,0.04787409210462259,0.04787409210462259,False,0.09787409210462258,199851.23145549087
19487,474732.18905107176,242601.64455847722,0.5110284285618099,0.05,0.07665426428427148,0.07665426428427148,False,0.12665426428427148,414605.3329147466
19488,480219.11630134785,151922.03463600005,0.3163598230035176,0.05,0.04745397345052764,0.04745397345052764,False,0.09745397345052764,433419.8552908804
19489,365512.1966577318,24600.124918828544,0.06730315744255252,0.05,0.010095473616382878,0.010095473616382878,False,0.06009547361638288,343546.5680870209
19490,591683.808295647,251886.55819686165,0.42571142672033596,0.05,0.06385671400805039,0.06385671400805039,False,0.11385671400805039,524316.6341513355
19491,192234.6559256951,96888.84835929195,0.5040134303189464,0.05,0.07560201454784196,0.07560201454784196,False,0.12560201454784198,168089.59587551653
19492,413478.84245720244,202366.75680183276,0.4894246960720341,0.05,0.07341370441080511,0.07341370441080511,False,0.12341370441080511,362449.8868140674
19493,893847.189503644,364365.72408163664,0.40763760110267844,0.05,0.06114564016540176,0.06114564016540176,False,0.11114564016540177,794499.9714162163
19494,335798.79012357496,167229.25696721318,0.4980043463100993,0.05,0.0747006519465149,0.0747006519465149,False,0.1247006519465149,293924.4620723142
19495,341758.3265734769,250684.20094640105,0.7335130747502205,0.05,0.11002696121253308,0.1,True,0.15000000000000002,290494.57758745534
19496,780644.2430408591,170117.8776287519,0.21791985164213643,0.05,0.032687977746320464,0.032687977746320464,False,0.08268797774632047,716094.3492445033
19497,611482.2684397808,276486.770597819,0.452158279754023,0.05,0.06782374196310345,0.06782374196310345,False,0.11782374196310345,539435.139428119
19498,326163.7811643642,150522.72505930174,0.46149429750278925,0.05,0.06922414462541839,0.06922414462541839,False,0.11922414462541839,287277.1833472507
19499,371934.59295837884,229976.47977696516,0.6183250607256652,0.05,0.09274875910884978,0.09274875910884978,False,0.14274875910884977,318841.39134391514
19500,812140.783619866,439625.778701163,0.5413172045635577,0.05,0.08119758068453366,0.08119758068453366,False,0.13119758068453366,705589.8776336982
19501,358437.5386707132,297393.15483361407,0.829693106186685,0.05,0.12445396592800274,0.1,True,0.15000000000000002,304671.9078701062
19502,798051.8029869999,129113.75908895081,0.1617861880716208,0.05,0.02426792821074312,0.02426792821074312,False,0.07426792821074313,738782.1489743072
19503,527596.9080750152,244971.19214476756,0.46431506401083167,0.05,0.06964725960162475,0.06964725960162475,False,0.11964725960162476,464471.38384954934
19504,398822.75825311063,120822.66959743673,0.3029482824065855,0.05,0.045442242360987824,0.045442242360987824,False,0.09544224236098783,360758.21990083955
19505,1006564.3210952203,500891.01675486634,0.49762445007971073,0.05,0.07464366751195661,0.07464366751195661,False,0.12464366751195662,881102.4525272292
19506,246548.4739105184,105987.2096665925,0.4298838601007086,0.05,0.06448257901510629,0.06448257901510629,False,0.11448257901510629,218322.9687650036
19507,612254.0666457046,255241.00636763824,0.41688740062765406,0.05,0.06253311009414811,0.06253311009414811,False,0.11253311009414811,543355.2123582736
19508,762717.5995645262,510949.9672140663,0.6699071419169995,0.05,0.10048607128754992,0.1,True,0.15000000000000002,648309.9596298473
19509,511138.9849877534,194215.22719757503,0.3799655923373333,0.05,0.05699483885059999,0.05699483885059999,False,0.10699483885059999,456449.75165872945
19510,396151.5617212516,153795.72737655882,0.388224463153261,0.05,0.05823366947298914,0.05823366947298914,False,0.10823366947298915,353274.62452870514
19511,209320.72080502595,149834.245418266,0.715811816632481,0.05,0.10737177249487213,0.1,True,0.15000000000000002,177922.61268427206
19512,495260.750901773,109158.00160993001,0.22040511268291427,0.05,0.03306076690243714,0.03306076690243714,False,0.08306076690243713,454124.01311519486
19513,413501.3729794297,166436.7527051007,0.40250592520615486,0.05,0.060375888780923224,0.060375888780923224,False,0.11037588878092322,367860.79142469313
19514,318100.2641013595,119469.32515794644,0.375571285661928,0.05,0.056335692849289194,0.056335692849289194,False,0.1063356928492892,284274.85212259955
19515,558960.1046125221,187427.2003022692,0.3353140926438677,0.05,0.050297113896580155,0.050297113896580155,False,0.10029711389658016,502898.01933655556
19516,651994.5303138383,222144.94993675651,0.3407159716966135,0.05,0.051107395754492024,0.051107395754492024,False,0.10110739575449203,586073.0613076328
19517,228474.0003535145,222047.1664221663,0.9718706114419844,0.05,0.14578059171629765,0.1,True,0.15000000000000002,194202.90030048732
19518,292801.1765848219,259119.15163877676,0.8849662240469592,0.05,0.13274493360704387,0.1,True,0.15000000000000002,248881.00009709861
19519,1120220.2764553197,581629.2495521898,0.5192097141756997,0.05,0.07788145712635496,0.07788145712635496,False,0.12788145712635496,976964.8751997253
19520,383840.964176822,176790.21188056737,0.4605819294449416,0.05,0.06908728941674123,0.06908728941674123,False,0.11908728941674124,338130.3841858958
19521,185156.83229696102,193815.7330087666,1.0467652238612408,0.05,0.1570147835791861,0.1,True,0.15000000000000002,157383.30745241686
19522,530130.2442519673,362392.44770874403,0.683591346915309,0.05,0.10253870203729634,0.1,True,0.15000000000000002,450610.7076141722
19523,710653.7386584104,188735.67686978355,0.26558036157817644,0.05,0.03983705423672646,0.03983705423672646,False,0.08983705423672647,646810.7001950223
19524,485694.24352306424,314215.1394206296,0.646940217247414,0.05,0.0970410325871121,0.0970410325871121,False,0.1470410325871121,414277.2604338166
19525,411665.23825521703,208753.80362592533,0.5070960193547015,0.05,0.07606440290320522,0.07606440290320522,False,0.12606440290320522,359768.9057985674
19526,503424.46422325826,296944.48103984044,0.5898491276104368,0.05,0.08847736914156552,0.08847736914156552,False,0.13847736914156553,433711.5688561193
19527,755398.3576837857,388800.1935581878,0.5146955769805127,0.05,0.07720433654707691,0.07720433654707691,False,0.1272043365470769,659308.4107658683
19528,486388.0277964596,219876.70354168687,0.45206027076328326,0.05,0.06780904061449249,0.06780904061449249,False,0.11780904061449249,429087.1208753836
19529,179899.60247562703,112215.54793375352,0.6237676258843128,0.05,0.09356514388264692,0.09356514388264692,False,0.1435651438826469,154072.29016178267
19530,1029901.4708074122,482256.51057228877,0.46825499743603044,0.05,0.07023824961540456,0.07023824961540456,False,0.12023824961540457,906067.9206811982
19531,204413.43025134798,172918.81610987408,0.8459268840469634,0.05,0.1268890326070445,0.1,True,0.15000000000000002,173751.41571364578
19532,802383.8110371635,241000.5822624131,0.30035573867186466,0.05,0.0450533608007797,0.0450533608007797,False,0.0950533608007797,726114.5331459433
19533,439473.56709465105,88934.53451929946,0.20236606061939852,0.05,0.030354909092909776,0.030354909092909776,False,0.08035490909290978,404159.7085620236
19534,445568.6910669309,250347.9556409191,0.5618616403263245,0.05,0.08427924604894867,0.08427924604894867,False,0.13427924604894867,385738.06316744647
19535,736173.5624008987,201195.04883266496,0.2732983892772558,0.05,0.04099475839158837,0.04099475839158837,False,0.09099475839158838,669185.6269559539
19536,674425.0678899885,336566.133271624,0.4990415530143436,0.05,0.07485623295215153,0.07485623295215153,False,0.12485623295215154,590218.8945047455
19537,3635088.2678299192,3334320.277208348,0.9172597834051704,0.05,0.13758896751077557,0.1,True,0.15000000000000002,3089825.027655431
19538,195842.79933044827,108496.40928512483,0.5539974390483325,0.05,0.08309961585724988,0.08309961585724988,False,0.1330996158572499,169776.19797115712
19539,600293.0464583462,370261.7126330144,0.6168016018468183,0.05,0.09252024027702274,0.09252024027702274,False,0.14252024027702276,514739.13724047673
19540,1204591.5800843264,406763.7499072752,0.33767772964078,0.05,0.050651659446117,0.050651659446117,False,0.10065165944611701,1083347.4385940188
19541,489665.1676270319,265322.2032950855,0.5418441433783505,0.05,0.08127662150675258,0.08127662150675258,False,0.13127662150675257,425383.5787514175
19542,575277.6584782654,209694.1746794543,0.36450950526071363,0.05,0.054676425789107044,0.054676425789107044,False,0.10467642578910705,515059.649352434
19543,490944.27141630225,114716.06491418392,0.23366412766818706,0.05,0.035049619150228056,0.035049619150228056,False,0.08504961915022806,449189.64810835954
19544,679954.3818937589,316405.31873022614,0.46533315639351763,0.05,0.06979997345902764,0.06979997345902764,False,0.11979997345902764,598495.864989537
19545,238416.7571697343,96858.46478718024,0.40625695079907703,0.05,0.06093854261986155,0.06093854261986155,False,0.11093854261986155,211967.14959317056
19546,466058.78628722054,189498.05373818357,0.40659689145180195,0.05,0.060989533717770286,0.060989533717770286,False,0.11098953371777029,414331.13891213195
19547,676046.4782821555,642019.0294033125,0.9496669977997559,0.05,0.14245004966996339,0.1,True,0.15000000000000002,574639.5065398321
19548,423517.2234365196,174877.90106673393,0.4129180382505651,0.05,0.06193770573758477,0.06193770573758477,False,0.11193770573758477,376109.67710468353
19549,296390.18305459444,365288.4527236434,1.2324580016753053,0.05,0.1848687002512958,0.1,True,0.15000000000000002,251931.65559640527
19550,391439.59756041365,188593.38377340813,0.4817943431088399,0.05,0.07226915146632598,0.07226915146632598,False,0.12226915146632598,343578.6101163817
19551,501247.1587080225,109984.93875693099,0.21942256798107349,0.05,0.03291338519716102,0.03291338519716102,False,0.08291338519716102,459687.0599590817
19552,783159.7715601723,555873.6797217171,0.7097832395225472,0.05,0.10646748592838208,0.1,True,0.15000000000000002,665685.8058261465
19553,757895.137046333,429492.2879093061,0.5666909139740919,0.05,0.08500363709611378,0.08500363709611378,False,0.1350036370961138,655576.5370076204
19554,883691.4252716167,537251.3232851836,0.6079625850392866,0.05,0.09119438775589299,0.09119438775589299,False,0.141194387755893,758919.1555152583
19555,342813.9144126449,122971.97804589546,0.3587134969611361,0.05,0.05380702454417041,0.05380702454417041,False,0.10380702454417041,307227.42198512837
19556,251872.1956047063,119062.55481387558,0.47271019545458265,0.05,0.07090652931818739,0.07090652931818739,False,0.12090652931818739,221419.20260238965
19557,344317.52443930117,145479.4981387293,0.4225155207410174,0.05,0.06337732811115261,0.06337732811115261,False,0.11337732811115261,305279.7234965267
19558,381243.35432329326,90553.4931048695,0.2375214992681037,0.05,0.035628224890215554,0.035628224890215554,False,0.08562822489021556,348598.16264139814
19559,289755.26787806704,145085.32014023833,0.5007167641945761,0.05,0.07510751462918641,0.07510751462918641,False,0.1251075146291864,253504.70646312792
19560,328432.2179754392,62630.71767547104,0.1906960226421961,0.05,0.028604403396329414,0.028604403396329414,False,0.07860440339632942,302615.99942534656
19561,717234.634492889,598413.6234465806,0.8343345324778979,0.05,0.12515017987168467,0.1,True,0.15000000000000002,609649.4393189556
19562,436367.7363305359,289965.53528380534,0.6644981082289844,0.05,0.09967471623434765,0.09967471623434765,False,0.14967471623434764,371054.51922143827
19563,583405.5292814936,229722.28203427186,0.3937608927313246,0.05,0.05906413390969868,0.05906413390969868,False,0.10906413390969869,519776.91051227815
19564,326015.08441304707,202104.65632208367,0.6199242488609078,0.05,0.09298863732913616,0.09298863732913616,False,0.14298863732913616,279398.6317440822
19565,652452.3002587262,231970.69911125326,0.35553664079238684,0.05,0.053330496118858026,0.053330496118858026,False,0.10333049611885803,585034.0803791019
19566,422021.9553880405,115052.08571291214,0.27262109054758565,0.05,0.04089316358213785,0.04089316358213785,False,0.09089316358213785,383663.04476170166
19567,337221.61209765717,66812.73917129077,0.19812709735798972,0.05,0.029719064603698456,0.029719064603698456,False,0.07971906460369846,310338.6206170807
19568,485827.5648307614,290952.1385158212,0.5988794370224232,0.05,0.08983191555336348,0.08983191555336348,False,0.1398319155533635,417893.3658118501
19569,408986.2032585866,117171.90804919391,0.2864935470087496,0.05,0.04297403205131244,0.04297403205131244,False,0.09297403205131244,370961.1068882782
19570,812880.2990269044,210676.35158077674,0.25917266273149503,0.05,0.03887589940972425,0.03887589940972425,False,0.08887589940972426,740634.8313384426
19571,929234.7961889158,339709.7516507625,0.36558010208401476,0.05,0.05483701531260221,0.05483701531260221,False,0.10483701531260221,831816.5936318557
19572,269518.4856565722,178567.66735792556,0.6625433017068125,0.05,0.09938149525602187,0.09938149525602187,False,0.14938149525602187,229257.41127005478
19573,451465.6670637058,214301.39174518455,0.47467926661839543,0.05,0.07120188999275931,0.07120188999275931,False,0.12120188999275931,396747.17494874285
19574,332179.94821348175,68181.20502800605,0.2052538252073786,0.05,0.030788073781106786,0.030788073781106786,False,0.08078807378110679,305343.7700486068
19575,381185.33579473384,171934.10638611414,0.45105120853520897,0.05,0.06765768128028134,0.06765768128028134,False,0.11765768128028134,336335.95304708
19576,595762.1155849021,284828.853142194,0.47809158335379753,0.05,0.07171373750306963,0.07171373750306963,False,0.12171373750306963,523249.6818343279
19577,666870.0452704182,229632.69272647979,0.3443439907896342,0.05,0.05165159861844513,0.05165159861844513,False,0.10165159861844514,599081.6390979253
19578,667649.9945192167,212231.56772861397,0.3178784834431769,0.05,0.04768177251647653,0.04768177251647653,False,0.09768177251647653,602432.7596339638
19579,528261.1192677759,171279.96367731213,0.32423352283568346,0.05,0.04863502842535252,0.04863502842535252,False,0.09863502842535252,476156.0687527903
19580,331847.57462943543,235362.01640105085,0.7092473605204823,0.05,0.10638710407807235,0.1,True,0.15000000000000002,282070.4384350201
19581,399954.2311505617,54062.500559809036,0.1351717180345502,0.05,0.02027575770518253,0.02027575770518253,False,0.07027575770518253,371847.14450906223
19582,618313.1757086655,248302.94644439162,0.4015811989770473,0.05,0.06023717984655709,0.06023717984655709,False,0.11023717984655709,550152.0749565734
19583,611508.1472039602,124183.40349524072,0.2030772673480359,0.05,0.030461590102205387,0.030461590102205387,False,0.08046159010220538,562305.229319476
19584,361061.5828152681,76966.67546058522,0.21316772296975195,0.05,0.03197515844546279,0.03197515844546279,False,0.0819751584454628,331463.5023554169
19585,499789.1801478534,147411.19099227356,0.29494674324215,0.05,0.044242011486322494,0.044242011486322494,False,0.0942420114863225,452688.0424916197
19586,463690.99015548674,284513.5899683399,0.6135844689864163,0.05,0.09203767034796244,0.09203767034796244,False,0.14203767034796244,397829.4021524614
19587,282014.9055104181,107446.24613303907,0.3809949191819218,0.05,0.05714923787728827,0.05714923787728827,False,0.10714923787728828,251797.22331494137
19588,337716.6775394089,96355.37307451374,0.28531422782124766,0.05,0.042797134173187146,0.042797134173187146,False,0.09279713417318715,306377.5377012614
19589,384428.2648259809,158384.01705472503,0.4119988865189731,0.05,0.06179983297784596,0.06179983297784596,False,0.11179983297784596,341449.2490264731
19590,516266.01946018205,155264.7762370733,0.30074568223456044,0.05,0.04511185233518406,0.04511185233518406,False,0.09511185233518407,467163.00205161195
19591,439182.56999883975,72708.13468565745,0.1655533248640754,0.05,0.024832998729611307,0.024832998729611307,False,0.07483299872961131,406317.22129604913
19592,813231.7517941272,146312.94254167052,0.179915432739658,0.05,0.026987314910948697,0.026987314910948697,False,0.0769873149109487,750623.2228231702
19593,551442.34545233,122449.77199408249,0.22205362537699383,0.05,0.03330804380654907,0.03330804380654907,False,0.08330804380654908,505502.7623806011
19594,3543584.8961392418,3505749.479726613,0.9893228418334634,0.05,0.1483984262750195,0.1,True,0.15000000000000002,3012047.1617183555
19595,460223.2055873155,151250.0315496595,0.3286449481760513,0.05,0.04929674222640769,0.04929674222640769,False,0.09929674222640769,414524.54057550075
19596,567044.5527641567,275319.3856379866,0.48553395724532517,0.05,0.07283009358679877,0.07283009358679877,False,0.12283009358679878,497394.4172802509
19597,501858.57422911644,88755.34024420142,0.1768532905520937,0.05,0.026527993582814054,0.026527993582814054,False,0.07652799358281406,463452.3444810304
19598,1013832.1196747676,447304.06239794544,0.4412013130353755,0.05,0.06618019695530633,0.06618019695530633,False,0.11618019695530633,896044.9043313374
19599,612801.0489940462,186601.34954003606,0.30450559744692773,0.05,0.04567583961703916,0.04567583961703916,False,0.09567583961703915,554170.7941133385
19600,288764.1701972221,184043.01158464653,0.6373471177499189,0.05,0.09560206766248784,0.09560206766248784,False,0.14560206766248784,246719.509949664
19601,414581.80775474344,159794.1611068264,0.3854345707358118,0.05,0.057815185610371765,0.057815185610371765,False,0.10781518561037176,369883.5932009823
19602,241791.86569487993,70620.84288847755,0.29207286475714134,0.05,0.0438109297135712,0.0438109297135712,False,0.0938109297135712,219109.1459768643
19603,200936.81916968868,103628.85244654544,0.5157285403180994,0.05,0.07735928104771492,0.07735928104771492,False,0.12735928104771493,175345.65034422243
19604,239056.57753443433,161612.24000939826,0.6760418043135383,0.05,0.10140627064703074,0.1,True,0.15000000000000002,203198.09090426916
19605,762958.6402286119,309230.7367613213,0.4053047183116818,0.05,0.06079570774675227,0.06079570774675227,False,0.11079570774675226,678426.0977029831
19606,372452.1224872007,76778.68452399917,0.20614376959722563,0.05,0.030921565439583843,0.030921565439583843,False,0.08092156543958384,342312.7136842408
19607,455996.9045190327,196711.81668622443,0.43138849131817725,0.05,0.06470827369772658,0.06470827369772658,False,0.11470827369772658,403690.28679014737
19608,266528.3117525517,119163.75311433923,0.447096041432823,0.05,0.06706440621492345,0.06706440621492345,False,0.11706440621492345,235327.33319777323
19609,419079.5011799006,61114.28616708721,0.14582981509480306,0.05,0.021874472264220457,0.021874472264220457,False,0.07187447226422046,388958.3831958425
19610,651747.2000337926,110754.9399546003,0.16993542887312402,0.05,0.025490314330968603,0.025490314330968603,False,0.0754903143309686,602546.5990389129
19611,536430.2288966752,245562.16057708242,0.4577709221983117,0.05,0.06866563832974676,0.06866563832974676,False,0.11866563832974676,472774.3933652791
19612,257677.00611666555,59371.91891038552,0.23041217299577113,0.05,0.03456182594936567,0.03456182594936567,False,0.08456182594936568,235887.36797427444
19613,755185.5161861794,290276.53237067873,0.3843777802262769,0.05,0.05765666703394153,0.05765666703394153,False,0.10765666703394153,673884.7605212686
19614,576047.5306657092,116739.75290271151,0.2026564592123175,0.05,0.030398468881847624,0.030398468881847624,False,0.08039846888184762,529734.191197017
19615,244512.30661089724,90387.00966766852,0.36966241462645555,0.05,0.05544936219396833,0.05544936219396833,False,0.10544936219396833,218728.63983020213
19616,242515.23890736594,130032.89260793719,0.536184419559738,0.05,0.08042766293396068,0.08042766293396068,False,0.1304276629339607,210884.54307080706
19617,449556.49223368516,158269.28175509046,0.3520564923191457,0.05,0.05280847384787186,0.05280847384787186,False,0.10280847384787187,403338.27535873733
19618,656532.382173522,156784.44457532198,0.23880687203313564,0.05,0.035821030804970344,0.035821030804970344,False,0.08582103080497035,600188.0963785476
19619,888220.7392499495,671634.763688146,0.7561574887964251,0.05,0.11342362331946376,0.1,True,0.15000000000000002,754987.628362457
19620,258977.2937999996,114332.4093606802,0.441476577668526,0.05,0.0662214866502789,0.0662214866502789,False,0.1162214866502789,228878.5677058976
19621,256742.27281379636,69833.87011090617,0.2719998905733515,0.05,0.040799983586002724,0.040799983586002724,False,0.09079998358600272,233430.0786564706
19622,423891.0439755145,161976.9404634796,0.3821192798610673,0.05,0.057317891979160096,0.057317891979160096,False,0.1073178919791601,378399.9507072168
19623,317901.1500114825,134358.20615926167,0.422641459945674,0.05,0.06339621899185109,0.06339621899185109,False,0.1133962189918511,281852.36158701906
19624,588841.0287619929,202051.51119845046,0.3431342269461981,0.05,0.05147013404192972,0.05147013404192972,False,0.10147013404192973,529091.2506441257
19625,250540.6056917076,180473.4080712117,0.7203359614021442,0.05,0.10805039421032163,0.1,True,0.15000000000000002,212959.51483795146
19626,223217.5443904082,115797.68596500787,0.5187660597254727,0.05,0.07781490895882091,0.07781490895882091,False,0.12781490895882092,194687.01427613662
19627,199508.30628358482,153202.6735753191,0.7679012289220377,0.05,0.11518518433830566,0.1,True,0.15000000000000002,169582.0603410471
19628,858054.73760658,373779.26977457013,0.4356123839105807,0.05,0.0653418575865871,0.0653418575865871,False,0.1153418575865871,759085.1102600655
19629,1867290.8963315373,1870581.930061945,1.0017624644006315,0.05,0.15026436966009474,0.1,True,0.15000000000000002,1587197.2618818067
19630,678442.8985612975,160766.36943808023,0.23696374415444627,0.05,0.03554456162316694,0.03554456162316694,False,0.08554456162316694,620405.7982175206
19631,720396.6769656597,253393.89771611628,0.3517421801325094,0.05,0.05276132701987641,0.05276132701987641,False,0.10276132701987642,646367.7584599593
19632,262849.92297174153,77807.54467339761,0.29601509406477,0.05,0.0444022641097155,0.0444022641097155,False,0.0944022641097155,238036.2951221448
19633,589382.3814456863,372485.1086686973,0.631992269187,0.05,0.09479884037805,0.09479884037805,False,0.14479884037805002,504040.4960730974
19634,401563.15130456694,253684.71791179467,0.6317430199649634,0.05,0.0947614529947445,0.0947614529947445,False,0.14476145299474452,343432.2860525694
19635,317665.0061362592,131939.56913508126,0.4153418430939388,0.05,0.06230127646409082,0.06230127646409082,False,0.11230127646409083,281990.820459184
19636,254686.56360417843,176457.7324848153,0.6928427239650435,0.05,0.10392640859475653,0.1,True,0.15000000000000002,216483.57906355168
19637,438076.4687842268,176295.44622283813,0.40243075989016863,0.05,0.06036461398352529,0.06036461398352529,False,0.11036461398352529,389728.3284115898
19638,701087.5902422359,456112.58162767254,0.6505785981321949,0.05,0.09758678971982923,0.09758678971982923,False,0.14758678971982925,597616.3234859732
19639,522855.022971582,168365.13536638103,0.32201112730924636,0.05,0.04830166909638695,0.04830166909638695,False,0.09830166909638696,471457.5015180458
19640,248560.26776204945,74763.02932545578,0.30078431278899154,0.05,0.04511764691834873,0.04511764691834873,False,0.09511764691834873,224917.7999751286
19641,288519.6778570001,71469.86470813287,0.24771227127030032,0.05,0.03715684069054505,0.03715684069054505,False,0.08715684069054505,263373.2142579302
19642,401814.58558197715,227642.4881887643,0.5665361496498521,0.05,0.08498042244747782,0.08498042244747782,False,0.13498042244747782,347577.4830745637
19643,745776.8229428376,349786.08549673157,0.469022467226153,0.05,0.07035337008392295,0.07035337008392295,False,0.12035337008392295,656020.068971186
19644,627458.9497260579,102771.83914550359,0.1637905383138972,0.05,0.024568580747084578,0.024568580747084578,False,0.07456858074708458,580670.2263679295
19645,1156114.247696465,585590.2822296792,0.5065159290238455,0.05,0.07597738935357681,0.07597738935357681,False,0.12597738935357683,1010469.99297719
19646,320831.2183364269,161287.35041986266,0.5027171335014384,0.05,0.07540757002521577,0.07540757002521577,False,0.12540757002521577,280596.55485662614
19647,776640.8374838543,110416.95318498404,0.14217247903511065,0.05,0.021325871855266597,0.021325871855266597,False,0.07132587185526659,721246.2526319139
19648,788864.4566377895,179088.00262336142,0.22701999198525236,0.05,0.03405299879778785,0.03405299879778785,False,0.08405299879778785,722558.0334123959
19649,374395.1980921341,139901.38486743905,0.37367302139652714,0.05,0.05605095320947907,0.05605095320947907,False,0.10605095320947908,334690.2304574115
19650,245752.75514976008,138816.30527623775,0.5648616439382095,0.05,0.08472924659073142,0.08472924659073142,False,0.13472924659073143,212642.6716008364
19651,332489.86078447395,154350.46863087435,0.46422609178728363,0.05,0.06963391376809254,0.06963391376809254,False,0.11963391376809254,292712.7974506191
19652,403623.0662898178,234082.2636552842,0.5799526419711691,0.05,0.08699289629567537,0.08699289629567537,False,0.13699289629567538,348329.5734270343
19653,421100.62405348034,190419.2486463106,0.4521941734812701,0.05,0.06782912602219052,0.06782912602219052,False,0.11782912602219052,371482.7055538597
19654,415650.01797118696,259875.11039519327,0.6252257889068777,0.05,0.09378386833603165,0.09378386833603165,False,0.14378386833603166,355886.2505133486
19655,216166.04767407948,185779.50285926057,0.8594296137539893,0.05,0.12891444206309838,0.1,True,0.15000000000000002,183741.14052296756
19656,430860.49301774893,100595.35878337687,0.23347547620067577,0.05,0.035021321430101365,0.035021321430101365,False,0.08502132143010137,394228.164549355
19657,1140122.2789009842,604299.5308014406,0.5300304554911008,0.05,0.07950456832366512,0.07950456832366512,False,0.12950456832366514,992471.235335719
19658,226907.31122251358,178192.93730020244,0.7853115721135135,0.05,0.11779673581702703,0.1,True,0.15000000000000002,192871.21453913653
19659,392655.6778906137,192798.80375054182,0.49101239229820043,0.05,0.07365185884473006,0.07365185884473006,False,0.12365185884473007,344103.0734335017
19660,513630.4341992412,126429.66062374855,0.24614908347643885,0.05,0.03692236252146583,0.03692236252146583,False,0.08692236252146583,468984.4633957169
19661,338534.21073184535,189664.61747718276,0.5602524396785915,0.05,0.08403786595178872,0.08403786595178872,False,0.13403786595178874,293157.8075736757
19662,352281.554964192,165147.62338507874,0.468794409068239,0.05,0.07031916136023585,0.07031916136023585,False,0.12031916136023585,309895.33370822057
19663,656123.6766370567,342534.39417771884,0.5220576643924346,0.05,0.07830864965886519,0.07830864965886519,False,0.12830864965886518,571937.333678546
19664,628253.6781623664,256448.53643521143,0.40819265425603235,0.05,0.06122889813840485,0.06122889813840485,False,0.11122889813840485,558373.7137889663
19665,515099.97238860186,290315.2248084284,0.5636094746077926,0.05,0.08454142119116889,0.08454142119116889,False,0.1345414211911689,445797.6900479075
19666,340166.19705632597,163731.34331570182,0.4813274944205893,0.05,0.0721991241630884,0.0721991241630884,False,0.1221991241630884,298598.1857061544
19667,395528.85825056897,193703.84387738619,0.4897337825971578,0.05,0.07346006738957367,0.07346006738957367,False,0.12346006738957367,346696.8387564326
19668,652899.7152575584,251524.67590858362,0.38524243468135255,0.05,0.05778636520220288,0.05778636520220288,False,0.10778636520220289,582526.028108393
19669,1067926.0041534042,687088.6999817137,0.6433860560651874,0.05,0.0965079084097781,0.0965079084097781,False,0.14650790840977812,911466.3989484769
19670,686797.5767194913,250632.59962318942,0.364929359274014,0.05,0.054739403891102094,0.054739403891102094,False,0.10473940389110209,614862.8079400384
19671,508749.77490594477,221161.69358994247,0.43471605197433216,0.05,0.06520740779614982,0.06520740779614982,False,0.11520740779614982,450138.0321221562
19672,486979.48454634123,252329.83514969755,0.5181529061429808,0.05,0.07772293592144712,0.07772293592144712,False,0.12772293592144712,424781.03504656954
19673,439707.5917502324,227456.0897401704,0.51728943053904,0.05,0.07759341458085599,0.07759341458085599,False,0.127593414580856,383603.7987016952
19674,345890.298849065,95054.07512207347,0.27480989041427817,0.05,0.041221483562141725,0.041221483562141725,False,0.09122148356214173,314337.6726383007
19675,569899.8247933845,239096.4848333231,0.41954124993810415,0.05,0.06293118749071562,0.06293118749071562,False,0.11293118749071562,505540.36082871683
19676,497992.8482210932,289567.280170521,0.5814687524226497,0.05,0.08722031286339746,0.08722031286339746,False,0.13722031286339748,429658.11378446035
19677,419924.2846050274,192991.6246591268,0.45958672011705864,0.05,0.0689380080175588,0.0689380080175588,False,0.1189380080175588,369979.326675907
19678,427636.75073025486,154387.4374282594,0.36102471820913273,0.05,0.05415370773136991,0.05415370773136991,False,0.10415370773136992,383096.7975795032
19679,476032.2339315986,151909.47547701042,0.31911594351998945,0.05,0.04786739152799842,0.04786739152799842,False,0.09786739152799842,429444.2009134671
19680,412062.7421733495,177997.1477444931,0.4319661292493462,0.05,0.06479491938740192,0.06479491938740192,False,0.11479491938740193,364760.03290300805
19681,940095.0989830864,197767.97221236292,0.21037017683241963,0.05,0.031555526524862945,0.031555526524862945,False,0.08155552652486295,863425.1482020776
19682,386335.2877432377,138869.90362478135,0.3594543600611386,0.05,0.05391815400917079,0.05391815400917079,False,0.10391815400917079,346188.0378123586
19683,225606.8324909632,199658.39450016752,0.8849838114196517,0.05,0.13274757171294774,0.1,True,0.15000000000000002,191765.8076173187
19684,247369.27294415626,69971.59119533713,0.2828629051722736,0.05,0.04242943577584104,0.04242943577584104,False,0.09242943577584103,224505.07061764787
19685,781451.3894908627,325973.40920103504,0.4171384344372537,0.05,0.06257076516558804,0.06257076516558804,False,0.11257076516558805,693482.8086361643
19686,589097.3492767873,267540.55263109837,0.4541533805228421,0.05,0.0681230070784263,0.0681230070784263,False,0.11812300707842631,519511.3989182832
19687,336459.602734552,66418.82394244144,0.19740504774608025,0.05,0.029610757161912037,0.029610757161912037,False,0.07961075716191204,309673.7990064582
19688,618236.6763725601,176776.80742835376,0.28593710820518353,0.05,0.04289056623077753,0.04289056623077753,False,0.09289056623077753,560808.321439679
19689,1015676.3152328798,686061.0348927157,0.6754721209930075,0.05,0.10132081814895112,0.1,True,0.15000000000000002,863324.8679479478
19690,964131.1305484711,402462.33700899384,0.4174352681466085,0.05,0.06261529022199126,0.06261529022199126,False,0.11261529022199127,855555.2234696986
19691,1209649.165868907,637674.9796856907,0.5271569622648732,0.05,0.07907354433973098,0.07907354433973098,False,0.12907354433973098,1053515.460622608
19692,535054.5117218309,147496.56351533468,0.2756664232971024,0.05,0.04134996349456536,0.04134996349456536,False,0.09134996349456537,486177.3016084392
19693,406745.7623323316,104090.90775241924,0.255911474419669,0.05,0.038386721162950346,0.038386721162950346,False,0.08838672116295035,370794.83805285214
19694,311666.7484662431,107577.32237982645,0.345167788701329,0.05,0.051775168305199355,0.051775168305199355,False,0.10177516830519936,279946.81268595695
19695,239513.76411432604,76889.71263883024,0.32102419217180694,0.05,0.04815362882577104,0.04815362882577104,False,0.09815362882577104,216004.6190127852
19696,764812.1055182563,128555.59862072079,0.16808781881611068,0.05,0.025213172822416603,0.025213172822416603,False,0.0752131728224166,707288.1604492354
19697,366159.6977442384,234374.78807980526,0.6400889817303581,0.05,0.09601334725955371,0.09601334725955371,False,0.14601334725955373,312695.49464505573
19698,328374.0210935186,56217.949096271186,0.1712009644035169,0.05,0.025680144660527534,0.025680144660527534,False,0.07568014466052754,303522.62767440197
19699,368730.71054702357,188907.44103796972,0.5123181650850823,0.05,0.07684772476276235,0.07684772476276235,False,0.12684772476276235,321958.0588639769
19700,168257.22438411042,236991.02772361552,1.4085043218268853,0.05,0.2112756482740328,0.1,True,0.15000000000000002,143018.64072649385
19701,842922.7998978259,120784.03885219421,0.14329193476180135,0.05,0.0214937902142702,0.0214937902142702,False,0.0714937902142702,782659.0540751056
19702,568422.6349348399,223120.8903269521,0.39252639957331953,0.05,0.05887895993599793,0.05887895993599793,False,0.10887895993599793,506533.3696390551
19703,312950.47897161375,183488.8077728548,0.5863189868755504,0.05,0.08794784803133256,0.08794784803133256,False,0.13794784803133256,269779.63385710487
19704,386686.18217984715,84665.38696436846,0.21895115694873918,0.05,0.03284267354231087,0.03284267354231087,False,0.08284267354231087,354652.0650261995
19705,295917.07250459405,109120.37166675722,0.36875321434880426,0.05,0.05531298215232064,0.05531298215232064,False,0.10531298215232064,264753.16312935075
19706,452769.22813028196,80238.0769957478,0.17721627710233814,0.05,0.02658244156535072,0.02658244156535072,False,0.07658244156535073,418095.0551744057
19707,570206.9345682753,297539.919022179,0.5218104182606221,0.05,0.07827156273909332,0.07827156273909332,False,0.12827156273909332,497065.59998653474
19708,441784.5470329018,262177.5925796556,0.5934512520650252,0.05,0.08901768780975379,0.08901768780975379,False,0.1390176878097538,380368.68079430837
19709,554278.3637139671,290126.3866333904,0.5234308348054314,0.05,0.0785146252208147,0.0785146252208147,False,0.1285146252208147,483045.48753326025
19710,270231.1539605491,186581.64971728195,0.6904520333155996,0.05,0.10356780499733993,0.1,True,0.15000000000000002,229696.48086646674
19711,359507.32610977395,182138.9859711963,0.5066349772120665,0.05,0.07599524658180998,0.07599524658180998,False,0.12599524658181,314211.11190860585
19712,191159.75692502543,82826.7219149959,0.43328534858663414,0.05,0.06499280228799512,0.06499280228799512,False,0.11499280228799512,169177.76079152478
19713,1099376.1147572242,519566.82511089917,0.4726015220238211,0.05,0.07089022830357317,0.07089022830357317,False,0.12089022830357317,966472.285252728
19714,701536.1857669867,94529.58602051053,0.13474655753810005,0.05,0.020211983630715007,0.020211983630715007,False,0.07021198363071501,652279.9385755608
19715,441463.58693564363,98360.10591347294,0.22280457284421928,0.05,0.033420685926632894,0.033420685926632894,False,0.0834206859266329,404636.3917018405
19716,257919.93205645,132833.01975133753,0.5150164963685895,0.05,0.07725247445528842,0.07725247445528842,False,0.12725247445528842,225098.98249092686
19717,370448.231906802,105975.95403798489,0.2860749354707313,0.05,0.042911240320609695,0.042911240320609695,False,0.0929112403206097,336029.42720576416
19718,590860.2875793558,183104.9024811398,0.30989542930916275,0.05,0.04648431439637441,0.04648431439637441,False,0.09648431439637442,533851.537828217
19719,296504.6606568879,89626.74954900128,0.30227770906008256,0.05,0.04534165635901238,0.04534165635901238,False,0.09534165635901239,268235.41519169335
19720,422155.5661990621,245037.91643219633,0.5804445944854647,0.05,0.0870666891728197,0.0870666891728197,False,0.13706668917281972,364292.1004242795
19721,1065673.25058601,266076.5371537786,0.24967928678651174,0.05,0.03745189301797676,0.03745189301797676,False,0.08745189301797676,972478.1074836428
19722,498329.5324384833,183211.87902941863,0.3676520597382724,0.05,0.05514780896074086,0.05514780896074086,False,0.10514780896074086,445931.27396214637
19723,1353296.6354336627,1628235.3893598693,1.2031622238077189,0.05,0.18047433357115783,0.1,True,0.15000000000000002,1150302.1401186131
19724,551100.11434516,137994.72502617794,0.25039865068826744,0.05,0.037559797603240117,0.037559797603240117,False,0.08755979760324012,502845.8998739753
19725,484127.33615491947,120058.6513776189,0.24798982088299273,0.05,0.03719847313244891,0.03719847313244891,False,0.08719847313244891,441912.1716405307
19726,889382.3354921497,375536.1802240582,0.4222438036350824,0.05,0.06333657054526236,0.06333657054526236,False,0.11333657054526236,788582.7916839335
19727,1612809.9473718586,1141727.8120894681,0.7079121839184843,0.05,0.10618682758777265,0.1,True,0.15000000000000002,1370888.4552660799
19728,362646.4708279887,204582.73164243717,0.5641382120039308,0.05,0.08462073180058961,0.08462073180058961,False,0.13462073180058962,313826.7375402237
19729,548999.9007167128,236392.73761331523,0.4305879423743198,0.05,0.06458819135614796,0.06458819135614796,False,0.11458819135614796,486090.9950388799
19730,487563.4524744818,246156.5233888566,0.5048707448016523,0.05,0.07573061172024784,0.07573061172024784,False,0.12573061172024785,426261.8013424292
19731,1850646.6292701925,1183519.9818134664,0.6395170007578328,0.05,0.09592755011367492,0.09592755011367492,False,0.14592755011367492,1580586.3005346628
19732,414983.8227816132,170298.36459812563,0.41037350192743727,0.05,0.061556025289115586,0.061556025289115586,False,0.1115560252891156,368689.8769528137
19733,292310.1732519292,194037.66966729367,0.6638074464143304,0.05,0.09957111696214956,0.09957111696214956,False,0.14957111696214956,248589.01413923872
19734,221735.74809439713,110522.32519711537,0.4984416186697325,0.05,0.07476624280045988,0.07476624280045988,False,0.12476624280045988,194070.61191010996
19735,594763.7228258173,242629.11589799018,0.4079420223298431,0.05,0.061191303349476464,0.061191303349476464,False,0.11119130334947647,528631.1692998279
19736,448204.5840454549,243881.9557227532,0.5441308822000351,0.05,0.08161963233000527,0.08161963233000527,False,0.1316196323300053,389212.06148476916
19737,1926835.53944227,632033.5821578228,0.32801636113727034,0.05,0.04920245417059055,0.04920245417059055,False,0.09920245417059055,1735688.7251464832
19738,430814.76026960305,280834.3016451175,0.6518678734901561,0.05,0.09778018102352341,0.09778018102352341,False,0.14778018102352342,367148.8770093553
19739,349333.1977334366,183591.0310662227,0.525547048655577,0.05,0.07883205729833655,0.07883205729833655,False,0.12883205729833655,304327.8831868314
19740,265843.49908158137,171929.69550020897,0.6467327434907394,0.05,0.09700991152361091,0.09700991152361091,False,0.14700991152361093,226761.86980247093
19741,654292.6329040109,245681.31310872105,0.3754914861539701,0.05,0.05632372292309551,0.05632372292309551,False,0.10632372292309551,584725.8042925022
19742,686409.7309030577,310356.29035826854,0.4521443627408313,0.05,0.0678216544111247,0.0678216544111247,False,0.1178216544111247,605535.8008041646
19743,809930.2703025448,156840.62110830843,0.19364706674035226,0.05,0.02904706001105284,0.02904706001105284,False,0.07904706001105284,745907.6636211713
19744,537717.0818354059,154451.68140167987,0.2872359584978876,0.05,0.04308539377468314,0.04308539377468314,False,0.09308539377468314,487663.4755333836
19745,301057.705786003,78961.61132667726,0.26228065187876154,0.05,0.03934209778181423,0.03934209778181423,False,0.08934209778181423,274160.5787977012
19746,455910.5977866566,336100.9229760295,0.7372079627184012,0.05,0.11058119440776017,0.1,True,0.15000000000000002,387524.0081186581
19747,330010.36978919787,203331.5431439057,0.6161368301056378,0.05,0.09242052451584566,0.09242052451584566,False,0.14242052451584566,283010.1198281521
19748,407069.3683408577,118439.78236332937,0.29095724604892,0.05,0.043643586907337995,0.043643586907337995,False,0.093643586907338,368949.93256931537
19749,274235.06354126555,103319.05867249126,0.3767536409761267,0.05,0.056513046146419,0.056513046146419,False,0.106513046146419,245025.4515633286
19750,378012.9329495872,230860.72000880472,0.6107217501989355,0.05,0.09160826252984032,0.09160826252984032,False,0.14160826252984032,324483.1783007871
19751,340364.48040751356,165400.06048464088,0.4859498273339502,0.05,0.07289247410009253,0.07289247410009253,False,0.12289247410009253,298536.2473144418
19752,215897.12417751126,136900.79597389017,0.6341019895259463,0.05,0.09511529842889195,0.09511529842889195,False,0.14511529842889195,184567.14857255216
19753,350653.8820277791,260711.8768010615,0.7435020405118676,0.05,0.11152530607678014,0.1,True,0.15000000000000002,298055.79972361226
19754,245718.96435612877,95080.00703864402,0.38694614918220704,0.05,0.05804192237733105,0.05804192237733105,False,0.10804192237733105,219171.01508252573
19755,293598.21836056316,181561.54745567462,0.618401393814665,0.05,0.09276020907219974,0.09276020907219974,False,0.14276020907219975,251684.0753241838
19756,260544.14123681618,95288.00743158205,0.36572692434857706,0.05,0.05485903865228656,0.05485903865228656,False,0.10485903865228656,233223.73306023807
19757,273897.5425263776,88442.10799444618,0.3229021596129465,0.05,0.04843532394194197,0.04843532394194197,False,0.09843532394194197,246936.3492008918
19758,1108524.2794130845,513311.70310414955,0.4630586019964541,0.05,0.06945879029946811,0.06945879029946811,False,0.11945879029946811,976101.3099768078
19759,343207.37088719534,107714.34997014643,0.313846260619938,0.05,0.0470769390929907,0.0470769390929907,False,0.0970769390929907,309889.84984731366
19760,323658.728829194,83973.04602220195,0.2594493475456905,0.05,0.03891740213185357,0.03891740213185357,False,0.08891740213185358,294879.835484404
19761,340355.20297345845,132070.76084063464,0.38803802523604664,0.05,0.058205703785406994,0.058205703785406994,False,0.108205703785407,303526.82869869034
19762,582744.203870509,361068.52960311127,0.6196003790427127,0.05,0.0929400568564069,0.0929400568564069,False,0.1429400568564069,499446.7142365169
19763,1039490.5736912976,344179.68525729293,0.3311041908105899,0.05,0.049665628621588485,0.049665628621588485,False,0.09966562862158848,935889.0922181387
19764,609993.9130259994,135400.48580177128,0.2219702244733714,0.05,0.033295533671005705,0.033295533671005705,False,0.0832955336710057,559184.1445044337
19765,229804.78292463697,170511.30978889245,0.7419832939021577,0.05,0.11129749408532365,0.1,True,0.15000000000000002,195334.06548594142
19766,668411.9678400935,168754.9008937101,0.25247139341179764,0.05,0.03787070901176964,0.03787070901176964,False,0.08787070901176965,609678.1343140324
19767,326199.302417355,226740.16209088545,0.6950970171014751,0.05,0.10426455256522126,0.1,True,0.15000000000000002,277269.40705475176
19768,797918.7408600549,686341.441275283,0.8601645833452843,0.05,0.12902468750179263,0.1,True,0.15000000000000002,678230.9297310465
19769,1676612.6160433094,2045947.8362643493,1.2202865567674455,0.05,0.1830429835151168,0.1,True,0.15000000000000002,1425120.723636813
19770,269564.52301602473,65780.17664788978,0.2440238645349461,0.05,0.036603579680241916,0.036603579680241916,False,0.08660357968024192,246219.27036804002
19771,254498.00100915125,79281.13011166081,0.31151965751121957,0.05,0.04672794862668293,0.04672794862668293,False,0.09672794862668294,229880.93144194456
19772,488939.6807197245,165235.2068724666,0.3379459949522579,0.05,0.050691899242838685,0.050691899242838685,False,0.1006918992428387,439707.4156528683
19773,319314.02675455686,149637.6074852292,0.4686220928222777,0.05,0.07029331392334165,0.07029331392334165,False,0.12029331392334165,280902.6842940446
19774,329186.3260271437,237835.526208346,0.7224951567056732,0.05,0.10837427350585098,0.1,True,0.15000000000000002,279808.3771230721
19775,353635.85948678677,72686.62063658336,0.20554086551649386,0.05,0.030831129827474078,0.030831129827474078,False,0.08083112982747408,325051.0734169599
19776,558661.5039735986,197695.44458920334,0.3538733977248343,0.05,0.05308100965872514,0.05308100965872514,False,0.10308100965872515,501074.11208653817
19777,540820.1876297726,321381.09073135845,0.5942475855789711,0.05,0.08913713783684565,0.08913713783684565,False,0.13913713783684567,465572.01463858015
19778,206319.98930558786,91448.51581621249,0.4432363346082034,0.05,0.0664854501912305,0.0664854501912305,False,0.11648545019123051,182286.7124678766
19779,1131575.171263565,717161.1193890081,0.6337724064661082,0.05,0.09506586096991623,0.09506586096991623,False,0.14506586096991625,967422.2447920355
19780,546325.714991069,147792.42638493708,0.27052072111845055,0.05,0.04057810816776758,0.04057810816776758,False,0.09057810816776758,496840.56528377504
19781,340256.59658126626,101612.26825487724,0.2986342345036898,0.05,0.04479513517555347,0.04479513517555347,False,0.09479513517555346,308001.92651397135
19782,712590.6979354194,131235.1127688022,0.18416618845717206,0.05,0.027624928268575807,0.027624928268575807,False,0.07762492826857581,657275.8961233281
19783,411164.3244287921,103208.98202413798,0.2510163841853753,0.05,0.03765245762780629,0.03765245762780629,False,0.0876524576278063,375124.7609037318
19784,1427110.8479049664,1749399.2862717137,1.2258327997715626,0.05,0.18387491996573438,0.1,True,0.15000000000000002,1213044.2207192215
19785,448819.7381351627,48406.101789728855,0.10785198973390803,0.05,0.016177798460086202,0.016177798460086202,False,0.0661777984600862,419117.8359599452
19786,343049.41946814366,124492.04172297305,0.3628982725462203,0.05,0.05443474088193304,0.05443474088193304,False,0.10443474088193305,307223.1422362905
19787,558180.6898764534,265079.49723067123,0.4748990820326361,0.05,0.07123486230489541,0.07123486230489541,False,0.12123486230489541,490509.73079803
19788,312648.43099176243,69512.48738908971,0.22233435545666055,0.05,0.03335015331849908,0.03335015331849908,False,0.08335015331849908,286589.13633381086
19789,320611.43732560973,106558.69194808108,0.3323608566086841,0.05,0.049854128491302614,0.049854128491302614,False,0.09985412849130262,288597.0616671171
19790,1147161.6017614694,501278.99941047735,0.436973307545129,0.05,0.06554599613176934,0.06554599613176934,False,0.11554599613176934,1014611.6717618244
19791,468165.9319559089,225495.62328922836,0.48165748060126934,0.05,0.0722486220901904,0.0722486220901904,False,0.1222486220901904,410933.2918647292
19792,573220.2917849433,117745.33529027348,0.2054102706720793,0.05,0.03081154060081189,0.03081154060081189,False,0.08081154060081189,526897.4769021551
19793,500505.0637468118,96172.72729610396,0.1921513572233395,0.05,0.028822703583500926,0.028822703583500926,False,0.07882270358350094,461053.9014650556
19794,500610.89702829486,165745.58046445006,0.33108664123841874,0.05,0.04966299618576281,0.04966299618576281,False,0.09966299618576281,450718.5151072126
19795,262273.25703701365,131726.2670498503,0.5022481839666187,0.05,0.07533722759499281,0.07533722759499281,False,0.12533722759499283,229400.6541276854
19796,418472.8066446202,167252.9038311852,0.39967448583396586,0.05,0.059951172875094876,0.059951172875094876,False,0.10995117287509487,372461.2307377114
19797,391139.2264958152,94375.55501481099,0.24128379007217962,0.05,0.036192568510826945,0.036192568510826945,False,0.08619256851082695,357425.9319188028
19798,957920.0087465381,247234.91070106172,0.25809557003050254,0.05,0.03871433550457538,0.03871433550457538,False,0.08871433550457539,872938.7717040519
19799,400073.499051932,258800.559854949,0.6468825365045113,0.05,0.0970323804756767,0.0970323804756767,False,0.14703238047567668,341249.74012109305
19800,657085.8947112641,371867.91100039164,0.5659350078786844,0.05,0.08489025118180267,0.08489025118180267,False,0.13489025118180267,568451.4133256421
19801,302680.85309059615,90760.18770039745,0.29985440695593585,0.05,0.04497816104339038,0.04497816104339038,False,0.09497816104339038,273932.78228100674
19802,529728.5744866865,139680.15124009276,0.2636824932003046,0.05,0.03955237398004569,0.03955237398004569,False,0.0895523739800457,482290.12307633826
19803,373381.84552417626,154130.0313289035,0.41279465827409567,0.05,0.061919198741114345,0.061919198741114345,False,0.11191919874111435,331593.2485486319
19804,404807.2472183594,145458.30720391677,0.3593273297438133,0.05,0.053899099461571995,0.053899099461571995,False,0.103899099461572,362748.13877685386
19805,674345.0851060257,411017.2226365715,0.6095057734007926,0.05,0.09142586601011889,0.09142586601011889,False,0.1414258660101189,578975.2474552387
19806,289706.121892439,172393.63576721543,0.5950638344854207,0.05,0.08925957517281309,0.08925957517281309,False,0.1392595751728131,249361.77043273477
19807,335965.02609349316,189744.72159430373,0.5647752202084901,0.05,0.08471628303127351,0.08471628303127351,False,0.13471628303127353,290705.0665496729
19808,679543.5482758633,269183.4199094154,0.39612386960686646,0.05,0.05941858044102997,0.05941858044102997,False,0.10941858044102998,605188.8578756578
19809,394922.48535832146,97239.47349704173,0.24622420120954702,0.05,0.03693363018143205,0.03693363018143205,False,0.08693363018143205,360590.4400658491
19810,411233.06472363987,161822.64245281206,0.3935059126667293,0.05,0.05902588690000939,0.05902588690000939,False,0.10902588690000939,366398.0151195361
19811,337927.9271966545,83477.28850784822,0.24702690067775687,0.05,0.03705403510166353,0.03705403510166353,False,0.08705403510166354,308509.9375606445
19812,540102.8768639341,385942.1267812548,0.7145715072324704,0.05,0.10718572608487056,0.1,True,0.15000000000000002,459087.445334344
19813,305376.4489835154,219719.05896531846,0.7195023050948477,0.05,0.10792534576422715,0.1,True,0.15000000000000002,259569.98163598808
19814,394988.43401515303,110305.81214844203,0.279263397733338,0.05,0.041889509660000705,0.041889509660000705,False,0.0918895096600007,358693.1404921291
19815,197141.5093746478,206864.41186737135,1.0493194077876624,0.05,0.15739791116814936,0.1,True,0.15000000000000002,167570.28296845063
19816,616994.3154820227,172223.37635955878,0.2791328413212534,0.05,0.041869926198188,0.041869926198188,False,0.09186992619818801,560311.0932539877
19817,799461.1538050369,337994.03586690756,0.42277730976448863,0.05,0.06341659646467329,0.06341659646467329,False,0.1134165964646733,708788.9907347489
19818,196018.72353627085,160874.72833451285,0.8207110291928055,0.05,0.12310665437892082,0.1,True,0.15000000000000002,166615.9150058302
19819,601003.5541979034,234860.31079594517,0.3907802360826113,0.05,0.058617035412391695,0.058617035412391695,False,0.1086170354123917,535724.3298686164
19820,554430.0016298983,133693.5601029534,0.24113695094046983,0.05,0.036170542641070474,0.036170542641070474,False,0.08617054264107048,506654.4675329604
19821,435771.0282607863,130093.66646090313,0.2985367498617848,0.05,0.04478051247926772,0.04478051247926772,False,0.09478051247926772,394468.4268786115
19822,536774.1774977644,302518.68125380104,0.5635865023612486,0.05,0.08453797535418729,0.08453797535418729,False,0.1345379753541873,464557.66643480596
19823,568103.927430554,179180.12987712375,0.31540026608780497,0.05,0.047310039913170746,0.047310039913170746,False,0.09731003991317075,512821.71157745767
19824,873995.1937936357,441414.27870364464,0.5050534394676198,0.05,0.07575801592014297,0.07575801592014297,False,0.12575801592014296,764083.2922984072
19825,275809.13706671516,210551.0275857854,0.7633939536051536,0.05,0.11450909304077303,0.1,True,0.15000000000000002,234437.76650670788
19826,565587.9756639802,255469.68652280926,0.4516886806564388,0.05,0.06775330209846582,0.06775330209846582,False,0.11775330209846582,498988.12390235986
19827,811911.3267023385,495731.4919905851,0.6105734403337488,0.05,0.09158601605006232,0.09158601605006232,False,0.14158601605006232,696956.0365686337
19828,316099.7257659342,182949.38022498885,0.5787710817581011,0.05,0.08681566226371516,0.08681566226371516,False,0.13681566226371517,272852.3324438892
19829,302723.42780136317,136775.1043875632,0.45181539262072035,0.05,0.06777230889310805,0.06777230889310805,False,0.11777230889310805,267070.9907531605
19830,579787.5634198453,177263.62232954247,0.30573891803398245,0.05,0.045860837705097364,0.045860837705097364,False,0.09586083770509737,524208.6418994217
19831,578742.4980427696,170789.34676411364,0.2951042084203261,0.05,0.04426563126304891,0.04426563126304891,False,0.0942656312630489,524186.97112601413
19832,205224.36361734185,317523.9385653918,1.5472039136515097,0.05,0.23208058704772644,0.1,True,0.15000000000000002,174440.70907474056
19833,606111.6701822369,240302.90884981456,0.3964663950086355,0.05,0.05946995925129532,0.05946995925129532,False,0.10946995925129532,539760.650345653
19834,757477.5880693431,444327.7629175158,0.5865886594084153,0.05,0.0879882989112623,0.0879882989112623,False,0.1379882989112623,652954.5442282486
19835,230958.69494370604,161220.39342998085,0.6980485989898616,0.05,0.10470728984847924,0.1,True,0.15000000000000002,196314.89070215012
19836,533827.4634991318,190666.86596961628,0.35716945831118024,0.05,0.05357541874667703,0.05357541874667703,False,0.10357541874667703,478536.0604287328
19837,241329.06187509204,134535.98153694707,0.5574794038132908,0.05,0.08362191057199361,0.08362191057199361,False,0.13362191057199363,209082.2115507954
19838,813257.6066574675,421542.9156269552,0.5183387307737818,0.05,0.07775080961606727,0.07775080961606727,False,0.12775080961606727,709363.2889805508
19839,440857.08181566495,292340.11211185076,0.6631176500734689,0.05,0.09946764751102033,0.09946764751102033,False,0.14946764751102032,374963.2109081041
19840,797810.4862310943,332146.521818166,0.4163225823055379,0.05,0.062448387345830685,0.062448387345830685,False,0.11244838734583068,708097.9836468148
19841,332626.9354502176,185012.89371257988,0.5562174135481872,0.05,0.08343261203222808,0.08343261203222808,False,0.1334326120322281,288243.6546208198
19842,611890.3294086992,203219.61033780692,0.3321177024225704,0.05,0.04981765536338555,0.04981765536338555,False,0.09981765536338555,550812.8713875931
19843,852824.2895201818,131695.3173935751,0.1544225686485429,0.05,0.023163385297281434,0.023163385297281434,False,0.07316338529728143,790428.7774351365
19844,485579.0174196568,141707.085256616,0.29183115450424635,0.05,0.04377467317563695,0.04377467317563695,False,0.09377467317563695,440044.0037601816
19845,618555.9929937713,323153.42724667554,0.5224319720558096,0.05,0.07836479580837144,0.07836479580837144,False,0.12836479580837146,539155.1792570815
19846,475686.7710891718,150593.76728558715,0.31658178540634035,0.05,0.04748726781095105,0.04748726781095105,False,0.09748726781095104,429313.36744187516
19847,291423.63233806624,76113.32872051143,0.2611776131875815,0.05,0.03917664197813722,0.03917664197813722,False,0.08917664197813722,265435.4514130862
19848,439171.25591057265,118447.89107206749,0.26970774948938536,0.05,0.040456162423407806,0.040456162423407806,False,0.09045616242340782,399445.5094542339
19849,492950.3240512599,87394.47885643569,0.17728861224431997,0.05,0.026593291836647995,0.026593291836647995,False,0.076593291836648,455193.6360202316
19850,276396.93967920484,235366.5947378313,0.8515528247563281,0.05,0.12773292371344921,0.1,True,0.15000000000000002,234937.3987273241
19851,236635.5131558817,126869.03370476037,0.5361369137403583,0.05,0.08042053706105375,0.08042053706105375,False,0.13042053706105375,205773.38244237355
19852,1130386.5393679363,332694.11621683673,0.2943188941394021,0.05,0.04414783412091031,0.04414783412091031,False,0.09414783412091032,1023963.094967014
19853,856144.6359084011,723283.6488893603,0.8448147877746492,0.05,0.1267222181661974,0.1,True,0.15000000000000002,727722.9405221409
19854,555603.8999955178,277439.11892929894,0.4993469609042289,0.05,0.07490204413563434,0.07490204413563434,False,0.12490204413563434,486207.83715634706
19855,295145.22358914703,172862.53828212764,0.5856863823849598,0.05,0.08785295735774397,0.08785295735774397,False,0.13785295735774397,254458.58166737054
19856,776120.771425635,167933.35483995255,0.21637528722685823,0.05,0.03245629308402873,0.03245629308402873,False,0.08245629308402874,712124.7296283604
19857,487356.0327117628,153386.7985210846,0.3147325327391653,0.05,0.047209879910874795,0.047209879910874795,False,0.09720987991087479,439980.211298012
19858,615223.0792015364,123030.56659764412,0.19997716398630333,0.05,0.029996574597945497,0.029996574597945497,False,0.0799965745979455,566007.340251813
19859,825948.5032228427,323404.612239436,0.3915554189849785,0.05,0.05873331284774677,0.05873331284774677,False,0.10873331284774677,736140.3862257851
19860,603518.2648076841,245222.76753414952,0.40632203171562953,0.05,0.060948304757344425,0.060948304757344425,False,0.11094830475734443,536558.9364371775
19861,488005.3218038179,108009.52417882759,0.22132857850728174,0.05,0.03319928677609226,0.03319928677609226,False,0.08319928677609226,447403.62708680285
19862,669730.1907519572,244801.6533548449,0.3655227981883083,0.05,0.054828419728246244,0.054828419728246244,False,0.10482841972824625,599523.4332111327
19863,349214.50909275596,99315.6910079004,0.28439737875129595,0.05,0.042659606812694394,0.042659606812694394,False,0.09265960681269439,316856.42998693313
19864,433246.6187561238,240255.7417883929,0.5545472979758759,0.05,0.08318209469638138,0.08318209469638138,False,0.13318209469638137,375545.9265500587
19865,441967.51996141905,136231.81674854312,0.30823943071752263,0.05,0.046235914607628395,0.046235914607628395,False,0.0962359146076284,399434.37145106663
19866,223371.71417455262,148839.8212979904,0.6663324487973455,0.05,0.09994986731960183,0.09994986731960183,False,0.14994986731960183,189877.15527112642
19867,224029.9945742427,99071.77954476635,0.44222551419084344,0.05,0.06633382712862651,0.06633382712862651,False,0.11633382712862651,197967.72791381562
19868,312368.98496643885,108520.39465949059,0.3474109142786698,0.05,0.05211163714180047,0.05211163714180047,False,0.10211163714180047,280472.4765191933
19869,246076.74154819016,69094.68943061639,0.28078512823238644,0.05,0.042117769234857966,0.042117769234857966,False,0.09211776923485797,223408.7010561882
19870,392180.2496192297,291762.1629006572,0.7439491488516593,0.05,0.11159237232774889,0.1,True,0.15000000000000002,333353.21217634523
19871,446880.1330470063,192208.25059590966,0.43011142447832135,0.05,0.0645167136717482,0.0645167136717482,False,0.1145167136717482,395704.88880526955
19872,518065.1464165345,164880.25454172044,0.3182616234313387,0.05,0.0477392435147008,0.0477392435147008,False,0.09773924351470081,467429.85091444966
19873,462608.18751640647,233362.876502065,0.504450381120392,0.05,0.0756675571680588,0.0756675571680588,False,0.1256675571680588,404473.3466652764
19874,392875.4288512029,240019.59654443432,0.6109305365476012,0.05,0.09163958048214017,0.09163958048214017,False,0.14163958048214018,337228.7179269776
19875,609393.027731884,152816.63127356896,0.2507685915645297,0.05,0.03761528873467945,0.03761528873467945,False,0.08761528873467946,556000.8816542545
19876,2199528.096900134,1894658.5132676787,0.8613931851736207,0.05,0.1292089777760431,0.1,True,0.15000000000000002,1869598.8823651138
19877,269700.1052378728,136311.0514666379,0.5054171237583053,0.05,0.07581256856374578,0.07581256856374578,False,0.12581256856374579,235768.44225598348
19878,555890.3888553396,106880.59145553655,0.19226918399438325,0.05,0.028840377599157488,0.028840377599157488,False,0.07884037759915749,512063.78069424216
19879,287025.90582954715,53339.93899020576,0.18583667155773093,0.05,0.027875500733659637,0.027875500733659637,False,0.07787550073365965,264673.6196895389
19880,335209.98532894056,124347.72034270945,0.3709547023806209,0.05,0.055643205357093134,0.055643205357093134,False,0.10564320535709314,299797.3280110871
19881,561687.1975415733,118713.35596181429,0.21135136510393351,0.05,0.03170270476559003,0.03170270476559003,False,0.08170270476559002,515795.8342702225
19882,417617.32795825845,192329.49374635285,0.46054002281623835,0.05,0.06908100342243575,0.06908100342243575,False,0.11908100342243576,367887.0374983926
19883,374700.15819344355,163530.54302393354,0.4364304082826378,0.05,0.06546456124239566,0.06546456124239566,False,0.11546456124239567,331435.5688301813
19884,337272.02193934616,227526.17610708083,0.6746073237821024,0.05,0.10119109856731535,0.1,True,0.15000000000000002,286681.2186484442
19885,676586.4836421851,202966.36097099457,0.2999858345948483,0.05,0.044997875189227245,0.044997875189227245,False,0.09499787518922725,612312.2053144266
19886,591711.72062972,146479.68102350365,0.24755244136049043,0.05,0.037132866204073564,0.037132866204073564,False,0.08713286620407357,540154.1824447084
19887,226564.26405535525,181362.1344165543,0.800488705369012,0.05,0.12007330580535179,0.1,True,0.15000000000000002,192579.62444705196
19888,515754.6050775681,147827.65521093883,0.28662401412529503,0.05,0.04299360211879425,0.04299360211879425,False,0.09299360211879426,467792.72654204885
19889,507158.601471501,158188.51233887637,0.311911326910159,0.05,0.04678669903652385,0.04678669903652385,False,0.09678669903652384,458072.39454709453
19890,552403.9957520714,172396.71910362144,0.31208448966577734,0.05,0.0468126734498666,0.0468126734498666,False,0.0968126734498666,498924.28809892456
19891,371126.2259943339,98309.6586071839,0.26489547685235487,0.05,0.03973432152785323,0.03973432152785323,False,0.08973432152785324,337823.4659035396
19892,536299.2457518369,235644.2738092533,0.4393895305202304,0.05,0.06590842957803456,0.06590842957803456,False,0.11590842957803456,474137.64239285706
19893,285356.77576032485,111812.64328909741,0.39183454814127283,0.05,0.05877518222119092,0.05877518222119092,False,0.10877518222119092,254317.04047894402
19894,232426.56333397588,119654.6380573356,0.5148062095011178,0.05,0.07722093142516766,0.07722093142516766,False,0.12722093142516766,202857.03945867674
19895,327224.8548354418,202127.8310333496,0.617703172746452,0.05,0.09265547591196781,0.09265547591196781,False,0.1426554759119678,280544.4374386673
19896,345981.31623842614,113618.03316471254,0.328393551420606,0.05,0.0492590327130909,0.0492590327130909,False,0.0992590327130909,311639.54545179795
19897,244735.7653713364,172825.33805267728,0.7061711547981155,0.05,0.10592567321971733,0.1,True,0.15000000000000002,208025.40056563594
19898,765312.6267175655,303486.58458738774,0.3965524335970323,0.05,0.05948286503955484,0.05948286503955484,False,0.10948286503955484,681524.0076935791
19899,667676.9819299808,448153.73785745836,0.6712134010701243,0.05,0.10068201016051864,0.1,True,0.15000000000000002,567525.4346404837
19900,506406.34094717377,395213.89819135354,0.7804284153554479,0.05,0.11706426230331718,0.1,True,0.15000000000000002,430445.3898050977
19901,349199.84238044376,252677.10755794586,0.7235888362247913,0.05,0.10853832543371869,0.1,True,0.15000000000000002,296819.86602337717
19902,239393.68387237148,172126.40765390417,0.7190098120787111,0.05,0.10785147181180665,0.1,True,0.15000000000000002,203484.63129151575
19903,377771.8788803109,116641.16524020204,0.30876084685265137,0.05,0.0463141270278977,0.0463141270278977,False,0.09631412702789771,341387.11015026504
19904,505283.4425635583,123099.8815048869,0.24362540137935054,0.05,0.03654381020690258,0.03654381020690258,False,0.08654381020690258,461554.28820964735
19905,480078.53340971057,193359.3454410222,0.4027660726000524,0.05,0.06041491089000786,0.06041491089000786,False,0.11041491089000786,427070.7049230717
19906,569410.5730560415,173185.59831583698,0.3041488980198336,0.05,0.04562233470297503,0.04562233470297503,False,0.09562233470297504,514962.2046558639
19907,324344.23716372356,176062.37741741573,0.542825668669249,0.05,0.08142385030038735,0.08142385030038735,False,0.13142385030038733,281717.6686929251
19908,435298.1206719871,256319.08063392318,0.5888357161713291,0.05,0.08832535742569937,0.08832535742569937,False,0.13832535742569937,375085.35254329926
19909,325951.3652909075,117824.08610962046,0.361477504487407,0.05,0.05422162567311105,0.05422162567311105,False,0.10422162567311105,291980.18410991906
19910,613194.4244919552,158969.36461412744,0.25924789636800266,0.05,0.038887184455200396,0.038887184455200396,False,0.0888871844552004,558689.2985752383
19911,214018.7032189285,80211.3473179909,0.3747866243070328,0.05,0.05621799364605492,0.05621799364605492,False,0.10621799364605491,191286.06596028345
19912,688480.7141271859,737748.7685871171,1.071560544034106,0.05,0.1607340816051159,0.1,True,0.15000000000000002,585208.6070081079
19913,191721.4284270577,86769.730897687,0.4525823305697902,0.05,0.06788734958546852,0.06788734958546852,False,0.11788734958546852,169119.89737105175
19914,457885.22207111085,190199.44572673575,0.4153867313437717,0.05,0.06230800970156575,0.06230800970156575,False,0.11230800970156575,406461.04410854494
19915,398870.45223615464,227743.24523114704,0.5709704590910878,0.05,0.08564556886366316,0.08564556886366316,False,0.13564556886366316,344765.4428396748
19916,570665.8060737738,298501.1886738008,0.5230753016857849,0.05,0.07846129525286773,0.07846129525286773,False,0.12846129525286773,497357.3374690149
19917,251634.0360192544,54979.48343834549,0.21848985259743875,0.05,0.032773477889615814,0.032773477889615814,False,0.08277347788961581,230805.41170253983
19918,366284.5306878571,177946.97052732753,0.4858162319690525,0.05,0.07287243479535788,0.07287243479535788,False,0.12287243479535788,321278.2585743651
19919,451576.8492923838,115880.01761377288,0.2566119538575896,0.05,0.03849179307863844,0.03849179307863844,False,0.08849179307863844,411616.0041856987
19920,869824.3737826946,251337.38767306786,0.2889518795386834,0.05,0.04334278193080251,0.04334278193080251,False,0.0933427819308025,788632.5469425997
19921,941285.7844393671,563531.4791335096,0.5986826620027527,0.05,0.0898023993004129,0.0898023993004129,False,0.13980239930041288,809691.7733473723
19922,613657.9316961834,206366.1323258757,0.3362885439376114,0.05,0.0504432815906417,0.0504432815906417,False,0.1004432815906417,552020.1152624928
19923,682725.3579667333,252958.71707944118,0.37051314137912383,0.05,0.055576971206868574,0.055576971206868574,False,0.10557697120686857,610645.2825064805
19924,914039.2062894373,752371.641178461,0.8231284128749036,0.05,0.12346926193123553,0.1,True,0.15000000000000002,776933.3253460217
19925,453702.6491381082,154800.68220496428,0.34119413342425203,0.05,0.0511791200136378,0.0511791200136378,False,0.1011791200136378,407797.41435045813
19926,430833.0280704105,108077.14736075833,0.25085622577453703,0.05,0.037628433866180554,0.037628433866180554,False,0.08762843386618055,393079.8045627762
19927,389964.52315350843,144365.76209829526,0.37020229668806587,0.05,0.05553034450320988,0.05553034450320988,False,0.10553034450320989,348811.43268108874
19928,864395.4922345139,134323.3432580094,0.15539570076976636,0.05,0.023309355115464954,0.023309355115464954,False,0.07330935511546496,801027.2161340867
19929,329706.7822905454,135202.07303665276,0.41006761249305906,0.05,0.061510141873958854,0.061510141873958854,False,0.11151014187395886,292941.13222052023
19930,352897.00700610416,25672.833227033203,0.07274879842375408,0.05,0.01091231976356311,0.01091231976356311,False,0.060912319763563115,331401.23167174397
19931,1001289.1140060845,482373.74345592596,0.4817527092909099,0.05,0.07226290639363649,0.07226290639363649,False,0.12226290639363649,878868.5967873915
19932,410248.37640322524,52334.43714682944,0.12756768864184592,0.05,0.019135153296276887,0.019135153296276887,False,0.0691351532962769,381885.7920110395
19933,443473.52883732447,189580.15195058956,0.42748921778402604,0.05,0.06412338266760391,0.06412338266760391,False,0.11412338266760391,392862.8296028698
19934,224553.4309477249,144462.6911850465,0.6433332618225585,0.05,0.09649998927338377,0.09649998927338377,False,0.14649998927338376,191656.35572258168
19935,556034.1031698465,230788.58493762568,0.4150619244789899,0.05,0.062259288671848476,0.062259288671848476,False,0.11225928867184848,493614.11027071025
19936,1879389.8114714636,1346590.520331023,0.7165041079352842,0.05,0.10747561619029262,0.1,True,0.15000000000000002,1597481.3397507442
19937,412816.2705797275,92264.5979842217,0.2235003912385827,0.05,0.0335250586857874,0.0335250586857874,False,0.08352505868578741,378335.76735310786
19938,602056.7301947906,266026.99829076347,0.4418636732201176,0.05,0.06627955098301763,0.06627955098301763,False,0.11627955098301763,532049.8439414366
19939,564647.2461817954,97690.30015211104,0.17301120445145748,0.05,0.02595168066771862,0.02595168066771862,False,0.07595168066771862,521761.33884988894
19940,1742941.3482723117,1667780.168030803,0.9568768161269385,0.05,0.14353152241904077,0.1,True,0.15000000000000002,1481500.146031465
19941,409871.42043554864,104149.9674203198,0.25410400000479455,0.05,0.03811560000071918,0.03811560000071918,False,0.08811560000071919,373755.35430072324
19942,348574.7265294539,206701.560700294,0.5929906702023279,0.05,0.08894860053034918,0.08894860053034918,False,0.1389486005303492,300140.75609793706
19943,443310.37059410434,265999.45645090414,0.6000298528870953,0.05,0.09000447793306429,0.09000447793306429,False,0.1400044779330643,381244.9335967635
19944,252069.04519308038,152501.20872024755,0.6049977640191176,0.05,0.09074966460286764,0.09074966460286764,False,0.14074966460286764,216590.41162538924
19945,526674.5464138596,132589.72613990447,0.2517488780171954,0.05,0.03776233170257931,0.03776233170257931,False,0.08776233170257931,480452.3601721809
19946,422192.6196364449,204918.48854023917,0.4853672921063777,0.05,0.07280509381595665,0.07280509381595665,False,0.12280509381595665,370345.2153735868
19947,243663.0525984473,72785.59998310788,0.29871414318631784,0.05,0.04480712147794767,0.04480712147794767,False,0.09480712147794768,220562.05997105877
19948,251201.64127742653,67486.03311736987,0.2686528351255414,0.05,0.040297925268831206,0.040297925268831206,False,0.09029792526883121,228518.65424594973
19949,617757.8962097795,76763.36784642015,0.12426124913562041,0.05,0.01863918737034306,0.01863918737034306,False,0.06863918737034307,575355.4962223276
19950,533983.2955079906,236837.81785122707,0.4435303872678597,0.05,0.06652955809017895,0.06652955809017895,False,0.11652955809017895,471758.45805490704
19951,476215.0496502223,263188.4731328001,0.552667273590179,0.05,0.08290009103852684,0.08290009103852684,False,0.13290009103852685,412926.02619779116
19952,853471.8752312372,386736.8472456075,0.45313367489798795,0.05,0.0679700512346982,0.0679700512346982,False,0.1179700512346982,752787.7543828342
19953,723271.7452640267,456644.2072735166,0.6313591126206941,0.05,0.09470386689310412,0.09470386689310412,False,0.1447038668931041,618611.5269097979
19954,437259.02416388865,100881.43986542674,0.2307132255493839,0.05,0.03460698383240758,0.03460698383240758,False,0.08460698383240758,400263.8569758802
19955,545821.5236773024,115821.18724264501,0.21219607915484143,0.05,0.031829411873226215,0.031829411873226215,False,0.08182941187322622,501157.2694070405
19956,212994.03670872515,264055.0450296497,1.2397297553956959,0.05,0.18595946330935437,0.1,True,0.15000000000000002,181044.93120241637
19957,508727.39167393325,206164.10194557777,0.4052545731166719,0.05,0.06078818596750078,0.06078818596750078,False,0.11078818596750079,452366.40679839987
19958,399258.92942277703,158388.13645582297,0.3967053077180024,0.05,0.05950579615770035,0.05950579615770035,False,0.10950579615770036,355537.7624832647
19959,300070.67197259056,245110.21699804664,0.8168416306290534,0.05,0.122526244594358,0.1,True,0.15000000000000002,255060.07117670195
19960,519860.78473150317,293867.06948547834,0.5652803175705094,0.05,0.08479204763557642,0.08479204763557642,False,0.13479204763557642,449787.68507210625
19961,927461.0755317992,326447.61137941177,0.35197985122149644,0.05,0.052796977683224465,0.052796977683224465,False,0.10279697768322446,832120.8800482975
19962,900900.9479439966,636944.6927373859,0.7070085720200404,0.05,0.10605128580300606,0.1,True,0.15000000000000002,765765.8057523972
19963,489766.03467593377,212577.48560374446,0.43403884825210837,0.05,0.06510582723781626,0.06510582723781626,False,0.11510582723781626,433391.1101015754
19964,758003.5639821613,194534.88376680145,0.2566411201878987,0.05,0.038496168028184806,0.038496168028184806,False,0.0884961680281848,690923.153218033
19965,1679079.6121277628,1099716.607218322,0.6549520340043553,0.05,0.0982428051006533,0.0982428051006533,False,0.1482428051006533,1430168.1404386263
19966,348439.4782616819,221344.7010345903,0.6352457595759513,0.05,0.0952868639363927,0.0952868639363927,False,0.1452868639363927,297815.7991934093
19967,396211.8237039072,210284.50522430555,0.5307375818785588,0.05,0.07961063728178382,0.07961063728178382,False,0.12961063728178382,344858.556735066
19968,329798.3698525996,64840.63010836451,0.1966068847985648,0.05,0.02949103271978472,0.02949103271978472,False,0.07949103271978472,303582.3568437149
19969,872211.9598585668,102455.72636616381,0.11746654607072515,0.05,0.017619981910608772,0.017619981910608772,False,0.06761998191060878,813233.0029107138
19970,336188.0994638599,264754.5289286962,0.7875190387491904,0.05,0.11812785581237856,0.1,True,0.15000000000000002,285759.88454428094
19971,1240320.6859213365,1109194.6111409077,0.8942805064296533,0.05,0.134142075964448,0.1,True,0.15000000000000002,1054272.583033136
19972,460861.6748875039,234085.18417650962,0.5079293786658431,0.05,0.07618940679987646,0.07618940679987646,False,0.12618940679987645,402705.81351665227
19973,490970.9082515123,248347.65457256231,0.5058296742204121,0.05,0.07587445113306182,0.07587445113306182,False,0.12587445113306184,429170.21465305233
19974,337268.48205038987,97635.89206008229,0.28949011620212683,0.05,0.043423517430319025,0.043423517430319025,False,0.09342351743031903,305759.67413885804
19975,360099.45866973035,81076.79683904123,0.22515112113345834,0.05,0.03377266817001875,0.03377266817001875,False,0.08377266817001874,329932.96621038765
19976,458643.97864121565,121986.20845920179,0.26597145965068514,0.05,0.03989571894760277,0.03989571894760277,False,0.08989571894760277,417413.8484402746
19977,675133.6493820567,214874.39065060974,0.3182694135409814,0.05,0.04774041203114721,0.04774041203114721,False,0.09774041203114722,609145.8083153623
19978,234622.01476340243,98842.07261633303,0.4212821747183757,0.05,0.06319232620775635,0.06319232620775635,False,0.11319232620775635,208064.60313278236
19979,374603.6968840175,147240.30452299304,0.3930561971164441,0.05,0.05895842956746661,0.05895842956746661,False,0.10895842956746661,333787.46636136767
19980,646817.0548476446,106507.81816389109,0.1646645173711114,0.05,0.02469967760566671,0.02469967760566671,False,0.07469967760566672,598500.0293806787
19981,512335.60985016054,210656.86686124286,0.4111696763042731,0.05,0.06167545144564096,0.06167545144564096,False,0.11167545144564096,455120.2993284661
19982,636183.2410275848,150156.87086330669,0.23602770582382557,0.05,0.03540415587357383,0.03540415587357383,False,0.08540415587357383,581850.5483467095
19983,699472.4758327762,354241.5341033313,0.5064409913793667,0.05,0.075966148706905,0.075966148706905,False,0.125966148706905,611362.6219256376
19984,397521.0799083266,230108.7720097892,0.578859294865206,0.05,0.0868288942297809,0.0868288942297809,False,0.1368288942297809,343128.71011144196
19985,516272.4957962655,243191.17984395183,0.47105197705500346,0.05,0.07065779655825051,0.07065779655825051,False,0.12065779655825051,453980.19402985944
19986,337411.39886584063,227361.77613526676,0.6738414199979915,0.05,0.10107621299969873,0.1,True,0.15000000000000002,286799.68903596455
19987,564596.9344965859,214217.51858455333,0.3794167227910245,0.05,0.056912508418653675,0.056912508418653675,False,0.10691250841865368,504234.45998407353
19988,352313.7109812208,227704.930017112,0.6463129958324251,0.05,0.09694694937486376,0.09694694937486376,False,0.14694694937486374,300542.28592959297
19989,363575.78274486196,102120.11370570387,0.28087710610078315,0.05,0.04213156591511747,0.04213156591511747,False,0.09213156591511748,330078.97655176325
19990,402464.9099512503,321255.47099155944,0.7982198274887429,0.05,0.11973297412331142,0.1,True,0.15000000000000002,342095.17345856276
19991,1473029.6032352627,782926.8156096931,0.5315078623607601,0.05,0.07972617935411401,0.07972617935411401,False,0.129726179354114,1281939.1007320455
19992,730952.4332461561,333318.1961146806,0.45600531710991943,0.05,0.06840079756648791,0.06840079756648791,False,0.11840079756648791,644407.0821666461
19993,314097.63355749403,200468.53473388928,0.6382363740323899,0.05,0.09573545610485848,0.09573545610485848,False,0.1457354561048585,268322.4716695359
19994,602869.362479486,240791.0654429692,0.399408363451481,0.05,0.05991125451772215,0.05991125451772215,False,0.10991125451772216,536607.2345390664
19995,423771.9984198473,198503.6850482982,0.46842095699686354,0.05,0.07026314354952953,0.07026314354952953,False,0.12026314354952954,372807.8457416102
19996,572771.9496670826,282696.64050647034,0.4935588076035927,0.05,0.0740338211405389,0.0740338211405389,False,0.1240338211405389,501728.85610775795
19997,462711.02495114,97614.78472510469,0.2109627379970303,0.05,0.031644410699554544,0.031644410699554544,False,0.08164441069955455,424933.2559948173
19998,273248.5237867829,104500.08819563114,0.38243605764974975,0.05,0.05736540864746246,0.05736540864746246,False,0.10736540864746247,243911.0843680991
19999,423160.4645233293,197322.56472981663,0.4663067116917252,0.05,0.06994600675375878,0.06994600675375878,False,0.11994600675375879,372404.0565876903
20000,199637.23035750957,84251.04332454124,0.4220206981115937,0.05,0.06330310471673906,0.06330310471673906,False,0.11330310471673906,177017.7123409529
20001,443458.3215483183,164610.16660915042,0.3711964768964536,0.05,0.055679471534468034,0.055679471534468034,False,0.10567947153446804,396593.88047952985
20002,965045.1152370694,581612.5203797098,0.6026790988282791,0.05,0.09040186482424185,0.09040186482424185,False,0.14040186482424186,829550.9814182594
20003,270672.8701821413,64626.12164839002,0.23876098703538992,0.05,0.035814148055308484,0.035814148055308484,False,0.08581414805530849,247445.30842577573
20004,451505.7312178879,308834.43496459146,0.6840099994556967,0.05,0.1026014999183545,0.1,True,0.15000000000000002,383779.8715352047
20005,535334.63917264,95877.5144172894,0.17909828246023488,0.05,0.02686474236903523,0.02686474236903523,False,0.07686474236903523,494186.2800514147
20006,388658.9624547525,199612.55275044317,0.513593077822519,0.05,0.07703896167337784,0.07703896167337784,False,0.12703896167337786,339284.1314194484
20007,602746.1311225835,338725.75797380036,0.5619708538700051,0.05,0.08429562808050077,0.08429562808050077,False,0.13429562808050077,521799.9608703843
20008,391897.53166825365,214828.92297508928,0.5481762593925822,0.05,0.08222643890888733,0.08222643890888733,False,0.13222643890888733,340078.31663857755
20009,425716.6745818266,118469.61566150439,0.2782827705254318,0.05,0.04174241557881477,0.04174241557881477,False,0.09174241557881477,386660.3985035096
20010,609572.6533083122,351695.3303473652,0.5769539175332448,0.05,0.0865430876299867,0.0865430876299867,False,0.1365430876299867,526339.7210907919
20011,438010.2210667076,245413.35723456234,0.5602913937416694,0.05,0.0840437090612504,0.0840437090612504,False,0.1340437090612504,379297.7064281879
20012,1136591.5848164628,681648.8263382426,0.5997306644218341,0.05,0.08995959966327512,0.08995959966327512,False,0.13995959966327512,977514.6816249033
20013,613795.1073933933,300915.397292692,0.49025382194815936,0.05,0.07353807329222391,0.07353807329222391,False,0.12353807329222391,537968.0424298198
20014,596735.7768504579,178703.78168871626,0.2994688581132273,0.05,0.0449203287169841,0.0449203287169841,False,0.09492032871698411,540093.4207546276
20015,865155.8322391023,348896.9470035784,0.4032764202728672,0.05,0.060491463040930074,0.060491463040930074,False,0.11049146304093008,769563.4985766105
20016,532571.3026695088,174040.12828590831,0.3267921636286705,0.05,0.04901882454430057,0.04901882454430057,False,0.09901882454430058,479836.71829314716
20017,550973.295245567,255063.44409894838,0.46293249836231615,0.05,0.06943987475434742,0.06943987475434742,False,0.11943987475434742,485165.1138684464
20018,287141.4574683363,89281.2177740158,0.31093112976854287,0.05,0.046639669465281426,0.046639669465281426,False,0.09663966946528144,259392.20192881708
20019,356508.83381149103,159463.25071267062,0.4472911624876847,0.05,0.0670936743731527,0.0670936743731527,False,0.1170936743731527,314763.9045140159
20020,340514.6770923491,85500.45375964971,0.25109183101808447,0.05,0.037663774652712666,0.037663774652712666,False,0.08766377465271266,310663.87517378415
20021,597433.6909407792,194739.76046513068,0.3259604595758131,0.05,0.048894068936371965,0.048894068936371965,False,0.09889406893637197,538351.0423239706
20022,787507.9965719831,334166.6029083228,0.42433423452580515,0.05,0.06365013517887078,0.06365013517887078,False,0.11365013517887078,698007.6063071355
20023,191993.1448096818,197359.4418177211,1.0279504615300654,0.05,0.1541925692295098,0.1,True,0.15000000000000002,163194.17308822952
20024,281244.68601979234,131843.72293898533,0.4687865388848874,0.05,0.0703179808327331,0.0703179808327331,False,0.12031798083273311,247405.89327795492
20025,765798.8201335109,431388.1234956342,0.5633178220624904,0.05,0.08449767330937355,0.08449767330937355,False,0.13449767330937357,662800.6606024902
20026,621401.0411568405,429567.3687237423,0.6912884599034977,0.05,0.10369326898552465,0.1,True,0.15000000000000002,528190.8849833144
20027,693876.8902955748,264550.7446635242,0.38126467153392585,0.05,0.057189700730088874,0.057189700730088874,False,0.10718970073008888,619500.4340812674
20028,606422.4405873364,251476.0208935605,0.41468785464139357,0.05,0.06220317819620903,0.06220317819620903,False,0.11220317819620904,538379.9154239355
20029,650120.282227376,307287.7226686756,0.4726628765001418,0.05,0.07089943147502127,0.07089943147502127,False,0.12089943147502127,571521.1097157059
20030,614425.5560852247,179089.34562848485,0.2914744412155344,0.05,0.04372116618233016,0.04372116618233016,False,0.09372116618233016,556840.8764366908
20031,501577.61776299117,498368.4680067641,0.9936018880377084,0.05,0.14904028320565627,0.1,True,0.15000000000000002,426340.97509854246
20032,510139.57320022373,248324.35183669126,0.4867772760283917,0.05,0.07301659140425876,0.07301659140425876,False,0.12301659140425876,447383.94176470884
20033,228266.78130760262,142834.511485553,0.6257349872256501,0.05,0.09386024808384752,0.09386024808384752,False,0.1438602480838475,195428.26551938953
20034,1552932.3569430923,987559.7929812421,0.6359322661839749,0.05,0.09538983992759624,0.09538983992759624,False,0.14538983992759624,1327151.7701487513
20035,370633.83472577337,223047.09287209038,0.6017990587316986,0.05,0.09026985880975479,0.09026985880975479,False,0.1402698588097548,318645.07905867114
20036,576104.8608477584,167911.64884737303,0.29146021889189616,0.05,0.04371903283378442,0.04371903283378442,False,0.09371903283378442,522112.87047826446
20037,485590.55344880273,276102.4558808113,0.5685910772354463,0.05,0.08528866158531695,0.08528866158531695,False,0.13528866158531694,419895.6573942409
20038,312470.42274853576,207619.36300884,0.6644448494759586,0.05,0.09966672742139379,0.09966672742139379,False,0.1496667274213938,265703.997159783
20039,382451.0402976435,85022.82618180342,0.22231035406684785,0.05,0.033346553110027176,0.033346553110027176,False,0.08334655311002717,350575.06435549085
20040,362304.65219058824,193178.58474927692,0.533193773751645,0.05,0.07997906606274675,0.07997906606274675,False,0.12997906606274676,315212.63186866726
20041,311278.6817863772,132954.24646311256,0.4271228781235836,0.05,0.06406843171853754,0.06406843171853754,False,0.11406843171853755,275771.6107275915
20042,566128.7329102351,254324.29036906076,0.44923402679401936,0.05,0.0673851040191029,0.0673851040191029,False,0.1173851040191029,499673.6527093642
20043,2161001.779026321,821246.4509887341,0.3800304372533935,0.05,0.057004565588009024,0.057004565588009024,False,0.10700456558800903,1929764.722426695
20044,374458.67308232177,113123.27067589632,0.30209814542345254,0.05,0.04531472181351788,0.04531472181351788,False,0.09531472181351788,338767.2488268212
20045,288324.6137046624,276895.1466922755,0.9603590312130118,0.05,0.14405385468195175,0.1,True,0.15000000000000002,245075.92164896306
20046,443014.46654916747,81265.81066650595,0.1834382775341869,0.05,0.027515741630128033,0.027515741630128033,False,0.07751574163012803,408673.87162173324
20047,514232.0661269597,265209.78585365834,0.5157394945265437,0.05,0.07736092417898155,0.07736092417898155,False,0.12736092417898154,448738.994942563
20048,641437.0740477982,238537.58071430138,0.3718799401615601,0.05,0.055781991024234014,0.055781991024234014,False,0.10578199102423402,573584.583238263
20049,583761.8985129797,235968.17068781506,0.40421989048771123,0.05,0.06063298357315668,0.06063298357315668,False,0.11063298357315668,519178.57798415853
20050,183043.2618289448,203793.48823618062,1.113362416075316,0.05,0.16700436241129737,0.1,True,0.15000000000000002,155586.77255460306
20051,464849.80681727355,158938.13355970784,0.34191287428497175,0.05,0.05128693114274576,0.05128693114274576,False,0.10128693114274576,417766.5964424537
20052,282771.74056408484,87354.66432533113,0.308922893606951,0.05,0.04633843404104265,0.04633843404104265,False,0.09633843404104266,255529.95388708092
20053,1697645.8796526415,1043218.9889497906,0.6145091867823728,0.05,0.09217637801735591,0.09217637801735591,False,0.14217637801735591,1456280.7373275408
20054,908079.9000119913,328116.3183135642,0.3613297886113671,0.05,0.054199468291705064,0.054199468291705064,False,0.10419946829170507,813458.457264357
20055,638727.8665619224,119748.68150288146,0.18747997037839004,0.05,0.028121995556758504,0.028121995556758504,False,0.0781219955567585,588829.1710083941
20056,316221.4796453061,76667.3327013427,0.24244821315534162,0.05,0.036367231973301245,0.036367231973301245,False,0.08636723197330125,288910.3057578394
20057,292842.10510352615,130570.85561114049,0.44587459704601157,0.05,0.06688118955690173,0.06688118955690173,False,0.11688118955690173,258614.37150667876
20058,454040.08631590515,172344.5775629148,0.3795800916199357,0.05,0.05693701374299036,0.05693701374299036,False,0.10693701374299036,405486.39536567265
20059,438616.8757983435,279504.33751056984,0.6372402726225096,0.05,0.09558604089337644,0.09558604089337644,False,0.14558604089337646,374760.38138184085
20060,521561.4575824778,180651.8106296889,0.3463672554851722,0.05,0.05195508832277583,0.05195508832277583,False,0.10195508832277583,468385.61310890055
20061,224417.53351342902,121132.07395363803,0.5397620767736918,0.05,0.08096431151605377,0.08096431151605377,False,0.13096431151605376,195026.84574471187
20062,757739.8934750103,515426.52924991987,0.6802156435055353,0.05,0.10203234652583029,0.1,True,0.15000000000000002,644078.9094537587
20063,805133.5372631679,128668.57403644687,0.1598102278459554,0.05,0.023971534176893308,0.023971534176893308,False,0.07397153417689331,745576.5742945425
20064,294647.02310443885,93064.68295671314,0.31585142784125797,0.05,0.0473777141761887,0.0473777141761887,False,0.0973777141761887,265954.96950570995
20065,234346.826993193,133249.153481019,0.5685980697527833,0.05,0.08528971046291749,0.08528971046291749,False,0.1352897104629175,202642.1126213805
20066,656686.5211107994,204992.9473692343,0.31216256277422033,0.05,0.04682438441613305,0.04682438441613305,False,0.09682438441613306,593103.2529498743
20067,372674.96671688504,219690.7717230022,0.5894969915966951,0.05,0.08842454873950427,0.08842454873950427,False,0.13842454873950427,321087.60262259044
20068,373530.8591709405,57311.08934667724,0.1534306682823486,0.05,0.02301460024235229,0.02301460024235229,False,0.07301460024235229,346257.65281039185
20069,367912.8123928402,146742.04845195398,0.3988500631374306,0.05,0.05982750947061459,0.05982750947061459,False,0.10982750947061459,327505.86450540513
20070,570118.9835819708,247598.89522613335,0.4342933709565452,0.05,0.06514400564348177,0.06514400564348177,False,0.11514400564348178,504473.20011895226
20071,470506.16831195843,263470.92743081314,0.5599733758562008,0.05,0.08399600637843012,0.08399600637843012,False,0.13399600637843012,407460.2207817385
20072,686940.8225303539,331332.1571548611,0.48232998576849095,0.05,0.07234949786527364,0.07234949786527364,False,0.12234949786527365,602893.9578306071
20073,236458.13862694413,172823.96306980867,0.7308860844179698,0.05,0.10963291266269547,0.1,True,0.15000000000000002,200989.41783290252
20074,194428.32882876904,100242.331629121,0.5155747222278672,0.05,0.07733620833418008,0.07733620833418008,False,0.12733620833418008,169670.56264296244
20075,403927.82342964126,90390.06231830857,0.22377775700329613,0.05,0.03356666355049442,0.03356666355049442,False,0.08356666355049441,370172.92291041295
20076,395726.6554177512,265372.05898965796,0.6705943492977909,0.05,0.10058915239466863,0.1,True,0.15000000000000002,336367.65710508847
20077,719622.0625747324,155023.13813513925,0.21542299242533325,0.05,0.032313448863799984,0.032313448863799984,False,0.08231344886379999,660387.4887257249
20078,720260.0314269728,202118.2470951297,0.2806184409465215,0.05,0.042092766141978225,0.042092766141978225,False,0.09209276614197823,653929.2927913547
20079,484460.2171955579,107734.84591138229,0.2223812030119573,0.05,0.033357180451793596,0.033357180451793596,False,0.0833571804517936,444076.9794490726
20080,321113.5713794309,158586.911405483,0.4938654904064929,0.05,0.07407982356097394,0.07407982356097394,False,0.12407982356097394,281269.8560996369
20081,322687.7310624884,66136.02594496409,0.204953642728229,0.05,0.030743046409234347,0.030743046409234347,False,0.08074304640923435,296632.9406176194
20082,306602.1899212357,139491.492047444,0.4549592163163561,0.05,0.06824388244745341,0.06824388244745341,False,0.11824388244745342,270348.35661805735
20083,458161.82159156,245365.5452597047,0.5355434121668088,0.05,0.08033151182502131,0.08033151182502131,False,0.1303315118250213,398448.8987230263
20084,1341900.4421921617,927645.0947578087,0.6912920404455526,0.05,0.10369380606683289,0.1,True,0.15000000000000002,1140615.3758633374
20085,418398.85666552035,274520.03294083953,0.6561204185132333,0.05,0.09841806277698499,0.09841806277698499,False,0.148418062776985,356300.9088911184
20086,716187.1286266147,183743.90936489624,0.2565585194434448,0.05,0.03848377791651672,0.03848377791651672,False,0.08848377791651672,652816.1857905495
20087,390124.98607802374,83639.183195583,0.21439073676469272,0.05,0.03215861051470391,0.03215861051470391,False,0.08215861051470391,358072.8592947851
20088,524297.0771230507,149879.7384835402,0.28586796498269235,0.05,0.04288019474740385,0.04288019474740385,False,0.09288019474740386,475600.26249436714
20089,329464.4860878785,159991.43373587367,0.48561056044504575,0.05,0.07284158406675686,0.07284158406675686,False,0.12284158406675687,288992.54672310356
20090,432252.2320414601,171616.9785965857,0.39702971060684955,0.05,0.05955445659102743,0.05955445659102743,False,0.10955445659102743,384897.0736498992
20091,241553.98784692297,146365.0598841612,0.6059310433612685,0.05,0.09088965650419027,0.09088965650419027,False,0.14088965650419027,207521.52947195264
20092,256763.33194818778,164227.2417312221,0.6396055094204864,0.05,0.09594082641307296,0.09594082641307296,False,0.14594082641307296,219291.07909109507
20093,850984.8941151046,165117.41542895918,0.19403095938695397,0.05,0.029104643908043095,0.029104643908043095,False,0.0791046439080431,783668.0370950055
20094,530366.4711058812,121705.3467455398,0.22947405874238008,0.05,0.03442110881135701,0.03442110881135701,False,0.084421108811357,485592.3455387561
20095,459113.8003782412,266587.1459464715,0.5806559195712337,0.05,0.08709838793568506,0.08709838793568506,False,0.13709838793568507,396170.03846735845
20096,359256.5596727631,197496.56128739382,0.5497368272615203,0.05,0.08246052408922804,0.08246052408922804,False,0.13246052408922804,311669.24749601586
20097,634395.1381513965,226001.6932751845,0.35624751780687486,0.05,0.053437127671031225,0.053437127671031225,False,0.10343712767103122,568775.127252549
20098,290452.78381378774,176170.8627714018,0.606538730523398,0.05,0.0909808095785097,0.0909808095785097,False,0.1409808095785097,249504.5152073881
20099,632231.0034462285,331903.3073724508,0.5249715777354778,0.05,0.07874573666032166,0.07874573666032166,False,0.12874573666032166,550833.9571680494
20100,760111.1588443087,152612.05893917277,0.20077597488663082,0.05,0.03011639623299462,0.03011639623299462,False,0.08011639623299463,699213.7920612174
20101,587133.1874155812,87495.86246165307,0.1490221713522766,0.05,0.02235332570284149,0.02235332570284149,False,0.07235332570284149,544652.1486755542
20102,1463373.8811000148,803754.4067265211,0.5492474733267351,0.05,0.08238712099901026,0.08238712099901026,False,0.13238712099901026,1269642.0260360357
20103,1412525.530962954,741257.4843743988,0.5247745744241982,0.05,0.07871618616362973,0.07871618616362973,False,0.12871618616362973,1230710.6317586466
20104,503272.48800138815,176398.59402330883,0.3505031533192458,0.05,0.05257547299788687,0.05257547299788687,False,0.10257547299788687,451649.07449782244
20105,267622.0860371727,100127.52160828176,0.37413773687712026,0.05,0.056120660531568035,0.056120660531568035,False,0.10612066053156805,239221.85349407178
20106,499384.24231968186,260185.10615937284,0.5210118464106739,0.05,0.07815177696160108,0.07815177696160108,False,0.12815177696160107,435387.26427979185
20107,440570.12460074027,83544.46406044293,0.1896280737059822,0.05,0.02844421105589733,0.02844421105589733,False,0.07844421105589733,406009.9487616368
20108,1133192.7494190175,707265.7288367443,0.6241354166794273,0.05,0.09362031250191409,0.09362031250191409,False,0.1436203125019141,970443.2526225549
20109,3541698.580661216,2957367.646121499,0.8350139287034908,0.05,0.12525208930552362,0.1,True,0.15000000000000002,3010443.793562033
20110,476081.79043352435,105016.23182861385,0.2205844330508527,0.05,0.0330876649576279,0.0330876649576279,False,0.0830876649576279,436525.26613755606
20111,735229.8312329993,470217.7753528713,0.6395520902141634,0.05,0.0959328135321245,0.0959328135321245,False,0.1459328135321245,627935.6733684187
20112,534189.6951833755,130707.45107136812,0.24468358759054523,0.05,0.036702538138581785,0.036702538138581785,False,0.08670253813858178,487874.0927635015
20113,297244.2308890666,97466.40727441601,0.3279000806269343,0.05,0.049185012094040144,0.049185012094040144,False,0.09918501209404015,267762.05825345084
20114,413245.3346627961,103635.9019038917,0.25078541295198775,0.05,0.03761781194279816,0.03761781194279816,False,0.08761781194279816,377037.68264407257
20115,474660.63174249616,150215.5741950462,0.31646941867413664,0.05,0.04747041280112049,0.04747041280112049,False,0.0974704128011205,428395.2640261144
20116,559228.4872295669,127937.5614716757,0.22877511499008543,0.05,0.03431626724851281,0.03431626724851281,False,0.08431626724851282,512076.4286473372
20117,226988.35713547986,157890.79866141896,0.6955898560346888,0.05,0.10433847840520331,0.1,True,0.15000000000000002,192940.1035651579
20118,545688.710125024,175877.0176427769,0.3223028337941632,0.05,0.048345425069124474,0.048345425069124474,False,0.09834542506912447,492022.72197235626
20119,1492646.820896986,1277131.9509748057,0.8556156306334612,0.05,0.12834234459501917,0.1,True,0.15000000000000002,1268749.797762438
20120,283866.63778226933,94586.16766333263,0.33320635493587614,0.05,0.04998095324038142,0.04998095324038142,False,0.09998095324038142,255485.38074365596
20121,430220.5713220233,210382.6977793168,0.489011246330766,0.05,0.0733516869496149,0.0733516869496149,False,0.1233516869496149,377152.1380890246
20122,263187.1654448352,40324.478690804564,0.1532159770125899,0.05,0.022982396551888485,0.022982396551888485,False,0.07298239655188848,243979.13536897275
20123,270575.18722799624,88477.83980900914,0.32699908929363347,0.05,0.04904986339404502,0.04904986339404502,False,0.09904986339404502,243774.75189524508
20124,867607.0842058049,137030.34918947087,0.1579405605187128,0.05,0.02369108407780692,0.02369108407780692,False,0.07369108407780692,803672.177617094
20125,309147.09887181834,186953.6709997356,0.6047401760585571,0.05,0.09071102640878356,0.09071102640878356,False,0.14071102640878358,265646.69327826705
20126,536862.6683504236,591500.5640922221,1.1017725741849032,0.05,0.16526588612773546,0.1,True,0.15000000000000002,456333.26809786004
20127,562414.7133304143,186409.0074037044,0.3314440447332155,0.05,0.04971660670998232,0.04971660670998232,False,0.09971660670998232,506332.6265533379
20128,705598.199881682,270074.0351615483,0.38275896283017097,0.05,0.05741384442452564,0.05741384442452564,False,0.10741384442452565,629807.1846133657
20129,782794.0561437956,130570.17641268892,0.16680016332252756,0.05,0.025020024498379135,0.025020024498379135,False,0.07502002449837913,724068.8268747025
20130,299923.75692995876,84780.41185194658,0.28267321241826593,0.05,0.04240098186273989,0.04240098186273989,False,0.0924009818627399,272210.50730566884
20131,510850.8615139369,80229.85342490446,0.15705142042266215,0.05,0.02355771306339932,0.02355771306339932,False,0.07355771306339932,473273.84042450436
20132,672212.2312281273,150261.66146695754,0.22353306662157943,0.05,0.033529959993236914,0.033529959993236914,False,0.08352995999323692,616062.3704466773
20133,428055.9502551827,349617.2134814818,0.8167558779945936,0.05,0.12251338169918903,0.1,True,0.15000000000000002,363847.55771690526
20134,640896.6007382064,388260.55249614984,0.6058084128530845,0.05,0.09087126192796267,0.09087126192796267,False,0.14087126192796268,550612.6878268736
20135,302905.37614428427,86099.59581081581,0.2842458490066667,0.05,0.042636877351000003,0.042636877351000003,False,0.09263687735100001,274845.1679654477
20136,1360604.5553372223,652752.3474851268,0.479751699290279,0.05,0.07196275489354184,0.07196275489354184,False,0.12196275489354184,1194661.4754475923
20137,610181.267648156,213932.91615815985,0.35060551265811435,0.05,0.05259082689871715,0.05259082689871715,False,0.10259082689871715,547582.2668420243
20138,263875.14405488083,72914.88401363924,0.2763234266523958,0.05,0.041448513997859364,0.041448513997859364,False,0.09144851399785936,239744.1542500909
20139,358173.9569889491,177347.97552594903,0.49514480901083724,0.05,0.07427172135162559,0.07427172135162559,False,0.12427172135162559,313663.0628106093
20140,645127.3726186571,100959.30857776501,0.15649515562788457,0.05,0.023474273344182686,0.023474273344182686,False,0.07347427334418269,597727.1077010594
20141,501418.76169704663,100862.26321882033,0.20115374797196067,0.05,0.0301730621957941,0.0301730621957941,False,0.0801730621957941,461218.48412937124
20142,298743.8115030168,61797.4212153586,0.20685757775014044,0.05,0.031028636662521064,0.031028636662521064,False,0.08102863666252107,274537.0077455622
20143,443259.2768445543,209632.6218469466,0.47293453921430784,0.05,0.07094018088214617,0.07094018088214617,False,0.12094018088214617,389651.41972528456
20144,389769.69029060856,115801.88622909045,0.29710336415012073,0.05,0.044565504622518105,0.044565504622518105,False,0.09456550462251812,352910.9228417146
20145,299482.3867523885,230843.03507339593,0.7708067161367207,0.05,0.1156210074205081,0.1,True,0.15000000000000002,254560.02873953021
20146,2069602.2818270735,1256558.0921019553,0.6071495490392717,0.05,0.09107243235589074,0.09107243235589074,False,0.14107243235589073,1777638.4539204265
20147,532609.0296774174,193498.02438977634,0.3633021852952274,0.05,0.05449532779428411,0.05449532779428411,False,0.10449532779428411,476953.87453508
20148,253910.71715210413,116149.85986934448,0.45744370766266396,0.05,0.06861655614939959,0.06861655614939959,False,0.11861655614939959,223792.70231409726
20149,217760.88039684782,85823.20418512746,0.39411672118850316,0.05,0.05911750817827547,0.05911750817827547,False,0.10911750817827548,193999.3557492363
20150,292717.7606518382,133734.3708604165,0.45687139230161594,0.05,0.06853070884524239,0.06853070884524239,False,0.11853070884524239,258021.7169901838
20151,460655.1328794916,235383.70094056876,0.5109759647509358,0.05,0.07664639471264036,0.07664639471264036,False,0.12664639471264036,402314.8210944317
20152,450795.6810560772,96498.06162150105,0.21406163740396855,0.05,0.032109245610595284,0.032109245610595284,False,0.0821092456105953,413781.18776004814
20153,392700.71237165004,145175.0472934675,0.36968368714359384,0.05,0.055452553071539075,0.055452553071539075,False,0.10545255307153908,351289.4196590474
20154,935059.8861535627,280440.6066719529,0.29991726821430215,0.05,0.04498759023214532,0.04498759023214532,False,0.09498759023214531,846240.8008450916
20155,440156.7938095896,264209.7645526789,0.6002628342185153,0.05,0.0900394251327773,0.0900394251327773,False,0.14003942513277728,378517.48943620827
20156,416042.54849451355,180415.41679404274,0.4336465523704048,0.05,0.06504698285556071,0.06504698285556071,False,0.11504698285556071,368178.1085506815
20157,515536.1410505564,259290.4001864181,0.5029529058002368,0.05,0.07544293587003552,0.07544293587003552,False,0.12544293587003552,450865.7739700659
20158,570725.7790503532,296412.2485767112,0.5193601891786279,0.05,0.07790402837679418,0.07790402837679418,False,0.12790402837679418,497727.6528113289
20159,681692.3551680325,285485.74341027136,0.41878970953092337,0.05,0.0628184564296385,0.0628184564296385,False,0.1128184564296385,604784.8758980902
20160,560168.5329084707,122141.23346758168,0.21804372486510068,0.05,0.0327065587297651,0.0327065587297651,False,0.0827065587297651,513838.92124291
20161,584572.8266211452,231732.2636466564,0.3964129926908822,0.05,0.05946194890363233,0.05946194890363233,False,0.10946194890363234,520584.3457430895
20162,778061.617757281,135165.32159060764,0.17372058781181635,0.05,0.02605808817177245,0.02605808817177245,False,0.07605808817177245,718883.7386308258
20163,221231.99059957906,179750.09181183242,0.8124959293847009,0.05,0.12187438940770513,0.1,True,0.15000000000000002,188047.1920096422
20164,332416.88008364814,52092.423457235156,0.15670811736193063,0.05,0.023506217604289593,0.023506217604289593,False,0.0735062176042896,307982.1725608805
20165,453066.71591818787,111304.74931378907,0.24566966718845848,0.05,0.03685045007826877,0.03685045007826877,False,0.08685045007826878,413717.66772521014
20166,528200.6441303245,277145.3560407543,0.5246971186433719,0.05,0.07870456779650578,0.07870456779650578,False,0.1287045677965058,460218.8085176951
20167,326825.5960555913,150429.9542294544,0.4602759271151671,0.05,0.06904138906727507,0.06904138906727507,False,0.11904138906727507,287919.8231183936
20168,261684.95502829817,110422.87526758539,0.42196875726250466,0.05,0.06329531358937569,0.06329531358937569,False,0.1132953135893757,232037.27598674543
20169,525975.23145244,129975.22483881138,0.24711282407708596,0.05,0.03706692361156289,0.03706692361156289,False,0.0870669236115629,480180.1861539963
20170,605850.4442803697,201742.4188973998,0.33299046126314197,0.05,0.04994856918947129,0.04994856918947129,False,0.09994856918947129,545296.5592317412
20171,506367.6147482503,142519.81220240064,0.2814552274897298,0.05,0.04221828412345947,0.04221828412345947,False,0.09221828412345948,459671.2621804777
20172,472392.0116016909,182174.43273609737,0.3856424923834281,0.05,0.05784637385751422,0.05784637385751422,False,0.10784637385751422,421446.24611119175
20173,1131591.9944823198,696805.3472068196,0.6157743697414488,0.05,0.09236615546121732,0.09236615546121732,False,0.14236615546121734,970491.5926771809
20174,365618.5764739226,179178.07246198057,0.4900682951889352,0.05,0.07351024427834027,0.07351024427834027,False,0.12351024427834027,320460.9367809294
20175,777775.9584880909,166562.25174435345,0.2141519674484819,0.05,0.032122795117272285,0.032122795117272285,False,0.08212279511727229,713902.8228020334
20176,653334.962687618,408065.34934973076,0.6245882627665847,0.05,0.0936882394149877,0.0936882394149877,False,0.1436882394149877,559458.4121507775
20177,208573.58820094416,145052.70040861343,0.6954509516749868,0.05,0.10431764275124802,0.1,True,0.15000000000000002,177287.54997080253
20178,516454.7687100721,291849.1024669666,0.5651009926695152,0.05,0.08476514890042727,0.08476514890042727,False,0.1347651489004273,446854.66490452347
20179,301838.39491684525,141256.2421686253,0.4679863282719237,0.05,0.07019794924078855,0.07019794924078855,False,0.12019794924078855,265558.03884570923
20180,654596.75822306,156233.12152402278,0.23867078405356976,0.05,0.03580061760803546,0.03580061760803546,False,0.08580061760803546,598431.9520833036
20181,337396.24074970523,87467.14554244425,0.2592416126157466,0.05,0.038886241892361985,0.038886241892361985,False,0.088886241892362,307406.35688085336
20182,256572.8822561697,144481.44912251137,0.563120497583439,0.05,0.08446807463751584,0.08446807463751584,False,0.13446807463751584,222072.0207749845
20183,300317.528273632,119855.35265199246,0.3990954285651525,0.05,0.059864314284772874,0.059864314284772874,False,0.10986431428477288,267323.34896215156
20184,180102.87141210373,195200.22225018556,1.0838262639552076,0.05,0.16257393959328115,0.1,True,0.15000000000000002,153087.44070028816
20185,218498.12223826296,85479.294883859,0.3912129496044247,0.05,0.0586819424406637,0.0586819424406637,False,0.1086819424406637,194751.32189377095
20186,881567.1024112283,270422.65995232644,0.3067522134306927,0.05,0.046012832014603905,0.046012832014603905,False,0.09601283201460391,796925.348297818
20187,515774.784846188,227807.6885404382,0.4416805459157411,0.05,0.06625208188736116,0.06625208188736116,False,0.11625208188736116,455814.89232281287
20188,488959.2712194774,226431.62212891103,0.4630889226503151,0.05,0.06946333839754726,0.06946333839754726,False,0.11946333839754726,430546.56433916686
20189,377727.7826290905,154371.45833136735,0.4086844162134409,0.05,0.06130266243201614,0.06130266243201614,False,0.11130266243201614,335685.67474793084
20190,462812.6399047052,241143.2259051788,0.5210385480284875,0.05,0.07815578220427312,0.07815578220427312,False,0.12815578220427312,403500.5240236931
20191,396441.4096821577,152245.69006047025,0.38403074538184967,0.05,0.057604611807277446,0.057604611807277446,False,0.10760461180727746,353782.4856889793
20192,975353.034364519,519271.61597692315,0.5323935002829505,0.05,0.07985902504244258,0.07985902504244258,False,0.12985902504244257,848694.6402497545
20193,663147.1453405411,259668.5187857456,0.391569986556151,0.05,0.058735497983422646,0.058735497983422646,False,0.10873549798342265,591039.5102556522
20194,540303.1554582431,109775.62335187639,0.20317412963981907,0.05,0.03047611944597286,0.03047611944597286,False,0.08047611944597285,496821.65418254945
20195,346678.63165198575,260793.99296843103,0.7522644003920893,0.05,0.11283966005881339,0.1,True,0.15000000000000002,294676.83690418786
20196,654252.41556595,387427.3998885695,0.5921680847802938,0.05,0.08882521271704406,0.08882521271704406,False,0.13882521271704407,563425.684804367
20197,294032.6216244958,136476.30962810753,0.46415363327406295,0.05,0.06962304499110944,0.06962304499110944,False,0.11962304499110944,258859.54409905485
20198,1019973.1595295548,370255.09606899007,0.36300474439912117,0.05,0.05445071165986817,0.05445071165986817,False,0.10445071165986818,913436.2371427285
20199,996932.3386702759,251114.75762778206,0.2518874630576463,0.05,0.037783119458646944,0.037783119458646944,False,0.08778311945864695,909418.5080925948
20200,344094.5349640478,44385.71411643666,0.12899279008041856,0.05,0.019348918512062784,0.019348918512062784,False,0.06934891851206279,320231.95109837985
20201,512378.74912150117,244603.9292090175,0.47738890347892665,0.05,0.071608335521839,0.071608335521839,False,0.121608335521839,450069.2222840735
20202,546968.0326320477,185482.42088607192,0.33911016699370494,0.05,0.05086652504905574,0.05086652504905574,False,0.10086652504905574,491797.26786753454
20203,419285.2519557293,210316.5168245961,0.5016072371818187,0.05,0.0752410855772728,0.0752410855772728,False,0.12524108557727281,366773.51183425344
20204,321974.7409326263,111348.00224631617,0.34582837748013256,0.05,0.05187425662201988,0.05187425662201988,False,0.10187425662201988,289173.80354904756
20205,585518.4790630193,277031.7646814538,0.47313923400808144,0.05,0.07097088510121222,0.07097088510121222,False,0.12097088510121222,514687.79040765023
20206,269035.02656718076,160958.55815894948,0.5982810499165859,0.05,0.08974215748748789,0.08974215748748789,False,0.1397421574874879,231439.4915149793
20207,405441.56349805114,171176.03836222173,0.4221965722639695,0.05,0.06332948583959543,0.06332948583959543,False,0.11332948583959543,359493.0795688153
20208,572036.6889222697,409831.7127165408,0.7164430545332209,0.05,0.10746645817998313,0.1,True,0.15000000000000002,486231.18558392924
20209,667686.8432270015,343140.9654647821,0.5139250068285685,0.05,0.07708875102428527,0.07708875102428527,False,0.12708875102428527,582831.356245934
20210,326128.9942312843,126052.47122590139,0.386511084434607,0.05,0.05797666266519105,0.05797666266519105,False,0.10797666266519106,290914.6738358349
20211,193108.32339710963,185344.42238203692,0.9597950990485948,0.05,0.14396926485728923,0.1,True,0.15000000000000002,164142.0748875432
20212,945374.0353980692,442158.08793009375,0.46770703591823737,0.05,0.0701560553877356,0.0701560553877356,False,0.1201560553877356,831781.6204386516
20213,490875.7501358986,103002.14325365447,0.20983343183104566,0.05,0.03147501477465685,0.03147501477465685,False,0.08147501477465685,450881.6411410555
20214,665262.2582775181,368042.51503390155,0.5532292121708946,0.05,0.08298438182563418,0.08298438182563418,False,0.13298438182563418,576792.768108557
20215,739491.3897120422,211731.77827336953,0.286320816197492,0.05,0.0429481224296238,0.0429481224296238,False,0.0929481224296238,670757.0534854346
20216,201694.862958566,92748.89660308146,0.45984758978286316,0.05,0.06897713846742948,0.06897713846742948,False,0.11897713846742948,177697.78532017546
20217,488256.0935855724,229644.57444362162,0.47033632034614603,0.05,0.0705504480519219,0.0705504480519219,False,0.1205504480519219,429396.6027397505
20218,623498.2002442488,214065.1131529155,0.34332915968170835,0.05,0.051499373952256254,0.051499373952256254,False,0.10149937395225625,560213.5232590991
20219,415988.60031279305,222309.69613181398,0.5344129525776747,0.05,0.08016194288665121,0.08016194288665121,False,0.13016194288665123,361842.7158773813
20220,240630.21519714934,65500.33343253538,0.2722032782910105,0.05,0.040830491743651574,0.040830491743651574,False,0.09083049174365157,218773.65442241158
20221,300770.91544764256,122540.2290162856,0.4074204742633005,0.05,0.06111307113949507,0.06111307113949507,False,0.11111307113949508,267351.3353228176
20222,1845429.9066058474,1401822.7655455358,0.7596185368664568,0.05,0.11394278052996851,0.1,True,0.15000000000000002,1568615.4206149701
20223,722621.5783939285,241635.6410236326,0.3343875248794575,0.05,0.050158128731918626,0.050158128731918626,False,0.10015812873191862,650245.1533206871
20224,468336.2527631071,181494.3870859957,0.387530083386047,0.05,0.058129512507907044,0.058129512507907044,False,0.10812951250790705,417695.2820620524
20225,361024.8538552136,388362.0892040602,1.0757212005127215,0.05,0.16135818007690822,0.1,True,0.15000000000000002,306871.1257769316
20226,440686.78122624446,281149.2833329794,0.6379798426235073,0.05,0.09569697639352609,0.09569697639352609,False,0.14569697639352608,376480.04966498533
20227,209251.49353544434,89219.45001510967,0.42637425667882806,0.05,0.0639561385018242,0.0639561385018242,False,0.1139561385018242,185406.00135640567
20228,1162265.5593550678,516286.67700855946,0.4442071545981651,0.05,0.06663107318972476,0.06663107318972476,False,0.11663107318972477,1026709.2798360304
20229,625901.4160398028,343463.6909239647,0.5487504615297482,0.05,0.08231256922946222,0.08231256922946222,False,0.13231256922946222,543086.791599218
20230,333407.97458010894,178728.29662404236,0.536064852225359,0.05,0.08040972783380386,0.08040972783380386,False,0.13040972783380386,289928.33135749714
20231,610171.255093141,164144.2072846524,0.2690133399673117,0.05,0.040352000995096754,0.040352000995096754,False,0.09035200099509676,555041.061245786
20232,449215.0066748546,406551.1680736592,0.9050257939577787,0.05,0.1357538690936668,0.1,True,0.15000000000000002,381832.7556736264
20233,621398.5024576813,597669.8495005708,0.9618141130639005,0.05,0.14427211695958508,0.1,True,0.15000000000000002,528188.7270890292
20234,599936.3998479886,87084.13279965706,0.14515560786397086,0.05,0.021773341179595628,0.021773341179595628,False,0.07177334117959563,556876.9599356406
20235,498301.46656585997,212043.21280242305,0.425531986216616,0.05,0.0638297979324924,0.0638297979324924,False,0.1138297979324924,441579.91131720354
20236,402627.21310081345,126180.45783451619,0.31339277060470816,0.05,0.047008915590706225,0.047008915590706225,False,0.09700891559070624,363568.7837705953
20237,639265.7440019345,189306.61865640734,0.29613133572793865,0.05,0.044419700359190795,0.044419700359190795,False,0.0944197003591908,578906.4640033767
20238,333165.84068136377,65594.56995016726,0.19688263903651876,0.05,0.029532395855477813,0.029532395855477813,False,0.07953239585547782,306668.3631547705
20239,1573121.6175175775,710203.9722970596,0.45146158083936194,0.05,0.06771923712590429,0.06771923712590429,False,0.11771923712590429,1387934.9407971397
20240,236752.69097013105,75280.86649034955,0.3179725906466975,0.05,0.04769588859700462,0.04769588859700462,False,0.09769588859700462,213622.92644807207
20241,360952.82996755646,295339.73279259447,0.8182225162748842,0.05,0.12273337744123262,0.1,True,0.15000000000000002,306809.905472423
20242,579650.0443721779,169064.491951757,0.29166648669003664,0.05,0.04374997300350549,0.04374997300350549,False,0.09374997300350549,525307.8683608054
20243,354520.5040975114,285901.3350912194,0.8064451330368801,0.05,0.12096676995553202,0.1,True,0.15000000000000002,301342.4284828847
20244,487140.5055009222,213865.9729994192,0.43902317829124626,0.05,0.06585347674368694,0.06585347674368694,False,0.11585347674368694,430703.5842759632
20245,317452.39216108364,285325.9546015501,0.8987991952404891,0.05,0.13481987928607336,0.1,True,0.15000000000000002,269834.5333369211
20246,1751552.6839822135,1536152.3260632202,0.8770231921147393,0.05,0.13155347881721088,0.1,True,0.15000000000000002,1488819.7813848814
20247,218386.36453028928,124807.63462723645,0.5714992091913602,0.05,0.08572488137870403,0.08572488137870403,False,0.13572488137870403,188745.90110968935
20248,470841.7488436358,227483.7494440148,0.4831426907293241,0.05,0.0724714036093986,0.0724714036093986,False,0.12247140360939861,413177.0989848518
20249,989810.7051160759,226356.06446345476,0.22868621575163686,0.05,0.03430293236274553,0.03430293236274553,False,0.08430293236274553,906366.7601907538
20250,679531.6415733348,133456.99716640578,0.1963955598261912,0.05,0.029459333973928678,0.029459333973928678,False,0.07945933397392868,625536.5099197072
20251,703429.5152149327,250967.78701476892,0.3567774476140453,0.05,0.053516617142106794,0.053516617142106794,False,0.1035166171421068,630612.8714019707
20252,1210166.9974254444,672772.7923229866,0.5559338452909964,0.05,0.08339007679364946,0.08339007679364946,False,0.13339007679364945,1048742.7287057242
20253,805463.3944558812,104901.48569050513,0.13023743401941903,0.05,0.019535615102912855,0.019535615102912855,False,0.06953561510291285,749455.0018795114
20254,282443.0477275317,194160.18258691003,0.6874312685303313,0.05,0.1031146902795497,0.1,True,0.15000000000000002,240076.59056840194
20255,530244.8123917355,136898.7728713432,0.2581803153412179,0.05,0.038727047301182684,0.038727047301182684,False,0.0887270473011827,483197.7558414472
20256,289832.6877393314,100745.39920938062,0.34759847136354965,0.05,0.05213977070453245,0.05213977070453245,False,0.10213977070453245,260229.24347095774
20257,415803.08453435946,280799.62454740296,0.6753187626346224,0.05,0.10129781439519336,0.1,True,0.15000000000000002,353432.6218542055
20258,726337.9470990063,272538.4527510024,0.37522265474290717,0.05,0.056283398211436075,0.056283398211436075,False,0.10628339821143608,649140.2818314056
20259,575114.7791661163,256851.09456387453,0.44660840560608445,0.05,0.06699126084091267,0.06699126084091267,False,0.11699126084091267,507831.37602322927
20260,315928.84786886576,226219.60260296363,0.7160460468518588,0.05,0.10740690702777882,0.1,True,0.15000000000000002,268539.5206885359
20261,293683.0931360353,86652.05675409993,0.2950529287498423,0.05,0.04425793931247634,0.04425793931247634,False,0.09425793931247634,266001.1299661186
20262,699918.8213555915,254922.35407165182,0.36421702959483543,0.05,0.054632554439225316,0.054632554439225316,False,0.10463255443922531,626684.5271770642
20263,293396.0720756412,120765.03738912937,0.41161095489374727,0.05,0.06174164323406209,0.06174164323406209,False,0.11174164323406209,260611.5128634897
20264,454183.1514803878,145775.33343798644,0.3209615613499507,0.05,0.0481442342024926,0.0481442342024926,False,0.0981442342024926,409607.69389067043
20265,233510.046097262,85129.42074270343,0.3645642753513276,0.05,0.05468464130269914,0.05468464130269914,False,0.10468464130269914,209065.13068099337
20266,400177.20082447724,130852.2086333711,0.3269856662592943,0.05,0.04904784993889415,0.04904784993889415,False,0.09904784993889415,360540.50948824774
20267,219023.84695842842,118266.22374406361,0.5399696215111727,0.05,0.0809954432266759,0.0809954432266759,False,0.1309954432266759,190332.72104889745
20268,392142.16179814923,43792.2856588391,0.11167451481889032,0.05,0.016751177222833546,0.016751177222833546,False,0.06675117722283355,365966.21085941594
20269,368119.46368141373,158901.4507685628,0.4316572918461135,0.05,0.06474859377691702,0.06474859377691702,False,0.11474859377691703,325878.27288205863
20270,360027.83599208103,179748.82452715284,0.4992636861864939,0.05,0.07488955292797408,0.07488955292797408,False,0.12488955292797409,315064.120513404
20271,283024.2132421311,89086.59538232294,0.3147666920854864,0.05,0.04721500381282296,0.04721500381282296,False,0.09721500381282297,255510.0132726761
20272,1274691.0398368924,907654.4480724549,0.7120583888222805,0.05,0.10680875832334207,0.1,True,0.15000000000000002,1083487.3838613585
20273,266820.3577222062,95359.9604659894,0.35739387084276075,0.05,0.05360908062641411,0.05360908062641411,False,0.10360908062641411,239175.3457661975
20274,557316.6159391404,290963.80689198023,0.5220799067719771,0.05,0.07831198601579657,0.07831198601579657,False,0.12831198601579658,485806.21410838637
20275,380588.013917502,170740.29455650167,0.4486223641123709,0.05,0.06729335461685564,0.06729335461685564,False,0.11729335461685564,335947.56903815165
20276,297554.36598166736,357925.2454964912,1.2028902493688947,0.05,0.1804335374053342,0.1,True,0.15000000000000002,252921.21108441724
20277,233502.03639292915,74142.45877906636,0.3175238208813819,0.05,0.04762857313220729,0.04762857313220729,False,0.0976285731322073,210705.56575642273
20278,638354.5067600997,141702.40295877866,0.2219807355602048,0.05,0.03329711033403072,0.03329711033403072,False,0.08329711033403073,585181.4209782779
20279,332231.4188914798,72868.38706811616,0.21933021058408061,0.05,0.032899531587612094,0.032899531587612094,False,0.0828995315876121,304689.5898866884
20280,326072.63335241476,92635.71039382496,0.2840953239203781,0.05,0.042614298588056716,0.042614298588056716,False,0.09261429858805673,295873.6451257203
20281,284479.2605766152,97880.67066203826,0.34406961851504564,0.05,0.05161044277725684,0.05161044277725684,False,0.10161044277725684,255573.19694847873
20282,260903.1116112482,109181.74915474455,0.41847622468155127,0.05,0.06277143370223269,0.06277143370223269,False,0.11277143370223269,231480.6936574741
20283,468409.05962481396,218397.81043632346,0.4662544541970551,0.05,0.06993816812955826,0.06993816812955826,False,0.11993816812955826,412228.93507812475
20284,313508.852550013,143409.40825205436,0.457433361404609,0.05,0.06861500421069135,0.06861500421069135,False,0.11861500421069135,276321.9986847042
20285,311252.9069345981,157818.4264583297,0.5070424177323144,0.05,0.07605636265984715,0.07605636265984715,False,0.12605636265984715,272017.4976191187
20286,425806.6993964271,119398.90276960057,0.2804063509072221,0.05,0.04206095263608332,0.04206095263608332,False,0.09206095263608333,386606.5290111656
20287,460853.5092457929,228334.42399445875,0.49545987914497625,0.05,0.07431898187174643,0.07431898187174643,False,0.12431898187174643,403560.6701843345
20288,244563.24479785122,75389.55859457835,0.30826201482930576,0.05,0.046239302224395866,0.046239302224395866,False,0.09623930222439586,221026.6487687719
20289,861302.850581145,257933.39668032352,0.29946887614070783,0.05,0.04492033142110617,0.04492033142110617,False,0.09492033142110617,779547.6985500392
20290,630208.0426555602,248689.75863756728,0.39461533621443884,0.05,0.05919230043216582,0.05919230043216582,False,0.10919230043216582,561394.1767271471
20291,679690.2218926116,286988.86066558224,0.4222347937659832,0.05,0.06333521906489747,0.06333521906489747,False,0.11333521906489748,602657.3816981437
20292,251580.12502829626,188391.27917127858,0.7488321231658878,0.05,0.11232481847488317,0.1,True,0.15000000000000002,213843.10627405182
20293,552507.1072242584,207669.14459911152,0.37586691987080667,0.05,0.056380037980620995,0.056380037980620995,False,0.106380037980621,493731.38017317874
20294,745243.364889069,345114.4837745045,0.46308964297303806,0.05,0.0694634464459557,0.0694634464459557,False,0.1194634464459557,656214.0240784398
20295,520881.8066916068,162391.68715584715,0.3117630239137777,0.05,0.04676445358706665,0.04676445358706665,False,0.09676445358706665,470478.9632836494
20296,391027.4300817578,125694.79295753338,0.32144750799516175,0.05,0.04821712619927426,0.04821712619927426,False,0.09821712619927427,352621.8396340399
20297,307808.92048340314,153900.79329420798,0.4999880869355968,0.05,0.07499821304033952,0.07499821304033952,False,0.12499821304033952,269333.3554651018
20298,1586310.6287753424,1231682.450897987,0.776444681486416,0.05,0.11646670222296239,0.1,True,0.15000000000000002,1348364.034459041
20299,454668.5817642769,92130.437094973,0.20263207265712951,0.05,0.030394810898569425,0.030394810898569425,False,0.08039481089856942,418115.5871118171
20300,526795.0634073421,283646.11216315057,0.5384373010796846,0.05,0.08076559516195268,0.08076559516195268,False,0.13076559516195269,457908.3934125024
20301,570032.4722662416,197982.18676865002,0.34731738348439156,0.05,0.05209760752265873,0.05209760752265873,False,0.10209760752265873,511833.520637632
20302,499531.6122541409,298111.05536080943,0.5967811606868695,0.05,0.08951717410303042,0.08951717410303042,False,0.13951717410303044,429838.3733373124
20303,334783.944023479,69216.35615796503,0.20674933010858715,0.05,0.03101239951628807,0.03101239951628807,False,0.08101239951628808,307662.29339861026
20304,369549.5326849268,138487.64698170254,0.374747184702234,0.05,0.0562120777053351,0.0562120777053351,False,0.10621207770533511,330298.9090034251
20305,735942.1264185137,313867.50011327467,0.4264839432969017,0.05,0.06397259149453526,0.06397259149453526,False,0.11397259149453526,652064.8950805968
20306,690009.2363489659,320796.2219796247,0.4649158374705943,0.05,0.06973737562058914,0.06973737562058914,False,0.11973737562058914,607389.3412345739
20307,252924.940943212,96025.45231918109,0.37965987838558485,0.05,0.056948981757837726,0.056948981757837726,False,0.10694898175783774,225874.87604817422
20308,1050456.5486530103,608521.945242417,0.5792928284589387,0.05,0.08689392426884081,0.08689392426884081,False,0.1368939242688408,906655.4294339971
20309,327180.1453360907,231882.37719900603,0.7087299779783657,0.05,0.10630949669675485,0.1,True,0.15000000000000002,278103.1235356771
20310,600828.4032471813,282276.9069519333,0.4698128540967201,0.05,0.070471928114508,0.070471928114508,False,0.120471928114508,528445.4470420323
20311,370936.7889846845,112399.75801833207,0.30301593521092596,0.05,0.045452390281638895,0.045452390281638895,False,0.0954523902816389,335529.98583270045
20312,1033214.5106680588,284854.97759123764,0.27569780974819574,0.05,0.04135467146222936,0.04135467146222936,False,0.09135467146222936,938825.5384959702
20313,402642.37882689835,260776.2900813254,0.6476623023167584,0.05,0.09714934534751375,0.09714934534751375,False,0.14714934534751375,343393.81637335464
20314,331995.8758227264,94635.7796934531,0.2850510701644533,0.05,0.04275766052466799,0.04275766052466799,False,0.092757660524668,301200.7150775721
20315,679879.4072716745,278944.7229865609,0.4102855888898791,0.05,0.06154283833348186,0.06154283833348186,False,0.11154283833348186,604043.7284601066
20316,343038.13454023574,78548.68524924666,0.22897945546061002,0.05,0.0343469183190915,0.0343469183190915,False,0.0843469183190915,314103.925025837
20317,262786.6052179461,328348.8958770808,1.2494887081659265,0.05,0.18742330622488898,0.1,True,0.15000000000000002,223368.6144352542
20318,379792.70384697214,118028.9413014371,0.31077200827163304,0.05,0.04661580124074496,0.04661580124074496,False,0.09661580124074495,343098.72745940794
20319,253451.12763066636,127362.78437709331,0.5025141752878239,0.05,0.07537712629317359,0.07537712629317359,False,0.1253771262931736,221674.15359256906
20320,481376.8664722412,246204.9581250266,0.5114598878199813,0.05,0.07671898317299719,0.07671898317299719,False,0.12671898317299718,420377.27942987514
20321,474083.54649826343,93854.60398079082,0.19797059964226077,0.05,0.029695589946339113,0.029695589946339113,False,0.07969558994633912,436301.17857623164
20322,441460.82962793834,235910.65625887143,0.5343863836293157,0.05,0.08015795754439735,0.08015795754439735,False,0.13015795754439735,384001.1897077107
20323,524034.039893358,232502.36550477578,0.4436779823541434,0.05,0.06655169735312151,0.06655169735312151,False,0.11655169735312151,462956.98307297373
20324,273719.9062111556,83682.69900280249,0.3057238333928377,0.05,0.04585857500892566,0.04585857500892566,False,0.09585857500892567,247481.5060501774
20325,405357.64109607355,110756.48294702923,0.2732315163655171,0.05,0.04098472745482757,0.04098472745482757,False,0.09098472745482758,368476.28659921547
20326,362628.5120268882,169657.43828836927,0.46785465748426724,0.05,0.07017819862264009,0.07017819862264009,False,0.12017819862264009,319048.4706822884
20327,637298.2138720658,270822.4411168352,0.4249540250103406,0.05,0.06374310375155108,0.06374310375155108,False,0.11374310375155108,564809.9370109373
20328,367875.6523769052,129738.71869079774,0.3526700336174316,0.05,0.05290050504261474,0.05290050504261474,False,0.10290050504261475,330021.06195444026
20329,362851.6290412771,93218.57153661345,0.2569054789223756,0.05,0.038535821838356334,0.038535821838356334,False,0.08853582183835634,330726.26185872126
20330,575385.9660290468,104885.24433115288,0.18228676144989261,0.05,0.02734301421748389,0.02734301421748389,False,0.0773430142174839,530883.8810779215
20331,437899.84119512205,89588.90377068945,0.2045876598771587,0.05,0.030688148981573807,0.030688148981573807,False,0.08068814898157381,402566.5135697625
20332,669894.8464021282,193341.5370593093,0.28861475513314994,0.05,0.04329221326997249,0.04329221326997249,False,0.0932922132699725,607398.8735231254
20333,396040.3336338522,185887.87518282206,0.4693660200647124,0.05,0.07040490300970685,0.07040490300970685,False,0.12040490300970685,348355.1356747363
20334,317458.8461117815,53119.53662143863,0.1673273158774556,0.05,0.025099097381618342,0.025099097381618342,False,0.07509909738161835,293617.9733129766
20335,262757.32531523943,143604.22829365445,0.5465279726126275,0.05,0.08197919589189413,0.08197919589189413,False,0.13197919589189414,228078.8248054293
20336,1125784.2212445228,717981.9231335794,0.6377615795146521,0.05,0.0956642369271978,0.0956642369271978,False,0.14566423692719782,961797.7217122597
20337,664627.6148439134,209894.32536159258,0.31580740955352254,0.05,0.04737111143302838,0.04737111143302838,False,0.09737111143302837,599912.0852974788
20338,536824.994912262,208152.87497049413,0.38774810588786834,0.05,0.05816221588318025,0.05816221588318025,False,0.10816221588318026,478760.81392107473
20339,408621.82484202203,148614.61417592235,0.36369720152216173,0.05,0.05455458022832426,0.05455458022832426,False,0.10455458022832426,365898.54147353256
20340,640654.3742646285,269709.99781651865,0.42099142478517176,0.05,0.06314871371777576,0.06314871371777576,False,0.11314871371777577,568165.1558789193
20341,407877.12276246777,172849.0390709344,0.42377723442850496,0.05,0.06356658516427574,0.06356658516427574,False,0.11356658516427574,361555.9107637042
20342,924120.804327896,495787.4741914278,0.5364963886426182,0.05,0.08047445829639273,0.08047445829639273,False,0.13047445829639273,803546.642982787
20343,598063.1379345533,342020.92467872694,0.5718809653775295,0.05,0.08578214480662942,0.08578214480662942,False,0.13578214480662942,516856.8423360166
20344,406822.93329143815,214784.74956209096,0.5279563465716037,0.05,0.07919345198574056,0.07919345198574056,False,0.12919345198574056,354264.07419255265
20345,386150.11253366474,79925.251477057,0.2069797441016907,0.05,0.031046961615253603,0.031046961615253603,False,0.0810469616152536,354853.81918542297
20346,378783.2593041208,166565.7555579567,0.43973895748181135,0.05,0.0659608436222717,0.0659608436222717,False,0.1159608436222717,334859.23300522123
20347,891905.4902595078,301192.4139524357,0.3376954366149278,0.05,0.050654315492239164,0.050654315492239164,False,0.10065431549223916,802131.353653667
20348,928472.0106530446,355929.24361903674,0.38334945968774276,0.05,0.05750241895316141,0.05750241895316141,False,0.10750241895316141,828659.0235775368
20349,367296.3556518628,66457.75748653285,0.18093769911924742,0.05,0.027140654867887113,0.027140654867887113,False,0.07714065486788711,338962.8742462897
20350,486936.72792700015,281170.45397175197,0.5774270820949535,0.05,0.08661406231424303,0.08661406231424303,False,0.13661406231424303,420414.32343488734
20351,794286.1164721958,388584.42014920723,0.48922474167759133,0.05,0.0733837112516387,0.0733837112516387,False,0.1233837112516387,696284.147626205
20352,286909.8490880513,72061.39689470272,0.2511639008690406,0.05,0.03767458513035609,0.03767458513035609,False,0.08767458513035609,261755.14709944333
20353,833929.5111632423,170541.7510815953,0.20450379654235745,0.05,0.030675569481353616,0.030675569481353616,False,0.08067556948135363,766651.7729428408
20354,1005073.0496377265,612029.8237526369,0.6089406376713016,0.05,0.09134109565069523,0.09134109565069523,False,0.14134109565069525,863014.9235929446
20355,730648.4505263852,220507.08628554724,0.3017964195047373,0.05,0.045269462925710595,0.045269462925710595,False,0.09526946292571059,661039.9650572339
20356,303525.8926041103,104796.10717819535,0.3452624956608931,0.05,0.051789374349133964,0.051789374349133964,False,0.10178937434913396,272630.1818971755
20357,411114.7624893451,57963.87823016383,0.1409919650639305,0.05,0.021148794759589574,0.021148794759589574,False,0.07114879475958957,381864.44263035327
20358,557884.3567614004,203065.72958580172,0.36399251408415134,0.05,0.0545988771126227,0.0545988771126227,False,0.1045988771126227,499530.2794854601
20359,539722.8754276333,195703.5639317825,0.3626000913463648,0.05,0.05439001370195472,0.05439001370195472,False,0.10439001370195472,483381.1970664843
20360,388557.56222116156,102061.73760316073,0.26266825697518814,0.05,0.03940023854627822,0.03940023854627822,False,0.08940023854627822,353820.4234696294
20361,432645.9274776048,317354.26404845354,0.7335195916408593,0.05,0.1100279387461289,0.1,True,0.15000000000000002,367749.0383559641
20362,1000694.9607366647,241371.8501609551,0.2412042226966632,0.05,0.03618063340449948,0.03618063340449948,False,0.08618063340449948,914454.4351756882
20363,748745.7992035566,369727.98723305075,0.4937964094440752,0.05,0.07406946141661128,0.07406946141661128,False,0.12406946141661128,655849.3111584212
20364,381903.48831100855,149138.3875406353,0.3905132896277248,0.05,0.05857699344415872,0.05857699344415872,False,0.10857699344415872,340437.55576436286
20365,750668.1202662945,276215.88775879156,0.3679600615792846,0.05,0.055194009236892695,0.055194009236892695,False,0.1051940092368927,671702.331089161
20366,860812.4319131766,413722.133315122,0.4806182136515088,0.05,0.07209273204772632,0.07209273204772632,False,0.12209273204772632,755713.4903202495
20367,411956.6607872771,125325.63872768614,0.30422044515114854,0.05,0.04563306677267228,0.04563306677267228,False,0.09563306677267228,372559.9819387603
20368,531498.0783536739,104539.1138845706,0.19668766105116056,0.05,0.02950314915767408,0.02950314915767408,False,0.07950314915767409,489242.30735330464
20369,438579.13700248767,368091.94738201605,0.8392828484678426,0.05,0.12589242727017638,0.1,True,0.15000000000000002,372792.2664521145
20370,392415.12756263855,198837.11974524817,0.5067009546249186,0.05,0.07600514319373779,0.07600514319373779,False,0.1260051431937378,342968.8032227194
20371,394376.9543745908,108171.43318081117,0.2742843667230788,0.05,0.04114265500846182,0.04114265500846182,False,0.09114265500846183,358432.3916787395
20372,571120.8089820175,385196.9942021251,0.6744579923268976,0.05,0.10116869884903464,0.1,True,0.15000000000000002,485452.6876347148
20373,995712.4682290491,1334095.1894293325,1.339839795118889,0.05,0.20097596926783334,0.1,True,0.15000000000000002,846355.5979946917
20374,1343550.411212608,972060.5255637008,0.7235013420050069,0.05,0.10852520130075104,0.1,True,0.15000000000000002,1142017.8495307167
20375,1279777.6673519516,793387.167408691,0.619941406736942,0.05,0.0929912110105413,0.0929912110105413,False,0.1429912110105413,1096780.7088730503
20376,223336.80900087615,88726.70580824773,0.39727757464243013,0.05,0.05959163619636452,0.05959163619636452,False,0.10959163619636453,198860.9626795952
20377,574948.3345366142,101769.1984946549,0.1770058149254,0.05,0.02655087223881,0.02655087223881,False,0.07655087223881,530935.5380355853
20378,338588.8380301943,93156.8738670036,0.2751327374197024,0.05,0.04126991061295536,0.04126991061295536,False,0.09126991061295536,307685.86504863406
20379,683417.5261276626,215635.56838904403,0.3155253708678862,0.05,0.04732880563018293,0.04732880563018293,False,0.09732880563018292,616901.3145629229
20380,503564.25008359976,230822.80257679638,0.4583780570969367,0.05,0.0687567085645405,0.0687567085645405,False,0.1187567085645405,443762.61719290033
20381,616196.8732741007,273255.6448711229,0.4434550980747537,0.05,0.06651826471121305,0.06651826471121305,False,0.11651826471121306,544398.6828797272
20382,590545.0692717318,234570.68888147356,0.39721047738278353,0.05,0.059581571607417526,0.059581571607417526,False,0.10958157160741752,525832.2124759242
20383,474654.30505852116,239384.79216435424,0.5043350278574634,0.05,0.07565025417861951,0.07565025417861951,False,0.12565025417861952,415013.870980942
20384,252228.67292230067,106750.65913416073,0.4232296744749769,0.05,0.06348445117124653,0.06348445117124653,False,0.11348445117124653,223604.64040606155
20385,305471.87931924907,53296.70714426547,0.17447336646187656,0.05,0.026171004969281483,0.026171004969281483,False,0.07617100496928149,282203.77928164677
20386,1202213.9912177708,714852.0822554438,0.5946130118909542,0.05,0.08919195178364313,0.08919195178364313,False,0.13919195178364313,1034875.4793185658
20387,878757.1330782789,398073.82636999176,0.45299640979930655,0.05,0.06794946146989599,0.06794946146989599,False,0.11794946146989599,775108.2024688662
20388,428414.9935498618,306932.5824055815,0.7164375360963146,0.05,0.10746563041444718,0.1,True,0.15000000000000002,364152.7445173825
20389,574203.1578790916,296685.1018217613,0.516690125699785,0.05,0.07750351885496774,0.07750351885496774,False,0.12750351885496775,500990.23471187276
20390,381532.2502196765,239938.6727677262,0.6288817593521272,0.05,0.09433226390281908,0.09433226390281908,False,0.14433226390281909,326464.83679353376
20391,700703.3986350562,275496.8747050597,0.3931718830559652,0.05,0.05897578245839477,0.05897578245839477,False,0.10897578245839477,624343.6974975445
20392,242294.30660987104,98009.62125957117,0.40450649720540427,0.05,0.060675974580810636,0.060675974580810636,False,0.11067597458081063,215478.14809044183
20393,271552.16972041014,184921.62886719021,0.680980119059941,0.05,0.10214701785899115,0.1,True,0.15000000000000002,230819.3442623486
20394,508357.1444204549,227589.10618225066,0.4476953037449887,0.05,0.0671542955617483,0.0671542955617483,False,0.1171542955617483,448800.9212720946
20395,377023.9459145273,162557.69316258596,0.43116012901588585,0.05,0.06467401935238287,0.06467401935238287,False,0.11467401935238287,333789.09464441304
20396,528528.015177576,310268.17343501735,0.5870420574220134,0.05,0.088056308613302,0.088056308613302,False,0.138056308613302,455561.3884034446
20397,490968.4678620462,179155.55796584603,0.36490237091190486,0.05,0.05473535563678573,0.05473535563678573,False,0.10473535563678574,439546.710774067
20398,379751.5535885034,96855.88057391101,0.2550506499806542,0.05,0.038257597497098124,0.038257597497098124,False,0.08825759749709813,346235.59382299153
20399,1696479.972502673,794715.9911324619,0.4684499693563048,0.05,0.07026749540344572,0.07026749540344572,False,0.12026749540344572,1492448.57520767
20400,1110285.203784827,435699.60566599795,0.3924213383919295,0.05,0.058863200758789425,0.058863200758789425,False,0.10886320075878943,989416.0027456859
20401,248449.91606269934,211759.9038514283,0.8523243123092388,0.05,0.1278486468463858,0.1,True,0.15000000000000002,211182.42865329442
20402,842307.8395770441,355400.122456115,0.4219361446695965,0.05,0.06329042170043947,0.06329042170043947,False,0.11329042170043947,746882.4292297747
20403,417322.88416318793,297758.761852607,0.7134973258168437,0.05,0.10702459887252655,0.1,True,0.15000000000000002,354724.45153870975
20404,859271.6299133734,380968.4181261929,0.44336203461599194,0.05,0.06650430519239879,0.06650430519239879,False,0.1165043051923988,759162.7856987758
20405,968497.5163718808,324291.8503967429,0.33484014663412137,0.05,0.050226021995118206,0.050226021995118206,False,0.10022602199511821,871428.8629937753
20406,714720.4224325577,434972.2661875461,0.6085907895385357,0.05,0.09128861843078036,0.09128861843078036,False,0.14128861843078036,613738.5613827979
20407,423701.5151000689,210709.90661842993,0.4973074183335524,0.05,0.07459611275003286,0.07459611275003286,False,0.12459611275003286,370909.9533523009
20408,550846.3740123003,223762.9465776803,0.4062166098104945,0.05,0.060932491471574174,0.060932491471574174,False,0.11093249147157418,489739.6133250332
20409,238148.10840886977,198548.83471593092,0.8337199738536156,0.05,0.12505799607804233,0.1,True,0.15000000000000002,202425.8921475393
20410,584084.8009378867,119085.23807166825,0.20388347356488074,0.05,0.030582521034732107,0.030582521034732107,False,0.08058252103473211,537017.7751802421
20411,259646.18603886478,204887.56381745072,0.7891029209525242,0.05,0.11836543814287863,0.1,True,0.15000000000000002,220699.25813303507
20412,486303.61195495893,154175.86658654467,0.3170362357925985,0.05,0.04755543536888977,0.04755543536888977,False,0.09755543536888978,438862.0513692293
20413,453395.07419984136,166416.81812093128,0.36704593320654455,0.05,0.05505688998098168,0.05505688998098168,False,0.10505688998098169,405762.79777170956
20414,504596.9487378385,128341.9015914959,0.2543453778555753,0.05,0.03815180667833629,0.03815180667833629,False,0.0881518066783363,460115.8160622222
20415,686389.8082599788,201565.57137683814,0.29366049575796244,0.05,0.04404907436369437,0.04404907436369437,False,0.09404907436369436,621835.4821404541
20416,373733.6571398669,400450.610481935,1.071486613077691,0.05,0.16072299196165366,0.1,True,0.15000000000000002,317673.6085688869
20417,292655.85858470266,97908.45584500881,0.33455149785313937,0.05,0.05018272467797091,0.05018272467797091,False,0.1001827246779709,263336.79727871617
20418,310866.1223148767,113179.57824176867,0.364078199962648,0.05,0.0546117299943972,0.0546117299943972,False,0.1046117299943972,278345.87946286757
20419,1204444.8537722044,565939.4401222288,0.4698757592344402,0.05,0.07048136388516603,0.07048136388516603,False,0.12048136388516603,1059331.6950652597
20420,195355.10083905247,224649.266923932,1.1499534230693786,0.05,0.1724930134604068,0.1,True,0.15000000000000002,166051.8357131946
20421,817753.524329354,211301.88350614056,0.2583931187327268,0.05,0.03875896780990902,0.03875896780990902,False,0.08875896780990902,745170.5655869653
20422,479452.9074711845,129514.2231737898,0.27012918506824096,0.05,0.04051937776023614,0.04051937776023614,False,0.09051937776023614,436053.1286215568
20423,472071.4910616113,361694.4198474631,0.7661856873289927,0.05,0.1149278530993489,0.1,True,0.15000000000000002,401260.7674023696
20424,574376.1029276556,266429.9438384403,0.4638597296795928,0.05,0.06957895945193893,0.06957895945193893,False,0.11957895945193893,505692.8062055067
20425,439936.79780510714,206988.34759427776,0.47049564534488886,0.05,0.07057434680173333,0.07057434680173333,False,0.12057434680173333,386891.7057757101
20426,432162.2725912627,235448.85533230973,0.5448158487332749,0.05,0.08172237730999124,0.08172237730999124,False,0.13172237730999126,375236.83066185314
20427,443204.2651739743,261199.23178513284,0.5893427755768604,0.05,0.08840141633652907,0.08840141633652907,False,0.13840141633652908,381864.1671475056
20428,243525.18944961164,84873.94659901282,0.3485222485231832,0.05,0.05227833727847748,0.05227833727847748,False,0.10227833727847749,218617.83798727914
20429,271217.36746804963,260290.79456229514,0.9597128568581004,0.05,0.14395692852871506,0.1,True,0.15000000000000002,230534.7623478422
20430,423936.8881187826,81721.82030984788,0.192768835645532,0.05,0.028915325346829796,0.028915325346829796,False,0.0789153253468298,390481.7706663663
20431,223466.53771255698,119096.97746110376,0.5329521756599511,0.05,0.07994282634899266,0.07994282634899266,False,0.12994282634899268,194428.66420776356
20432,633404.9417586311,328904.5256416094,0.5192642241287464,0.05,0.07788963361931196,0.07788963361931196,False,0.12788963361931197,552399.0158244582
20433,284817.0555063726,83508.3924702917,0.2932001116359524,0.05,0.043980016745392855,0.043980016745392855,False,0.09398001674539286,258049.94386051022
20434,263849.32368956535,97911.49165037647,0.37108865878911723,0.05,0.05566329881836758,0.05566329881836758,False,0.10566329881836758,235970.13375753062
20435,395954.67251078936,297468.3708919855,0.7512687475202854,0.05,0.1126903121280428,0.1,True,0.15000000000000002,336561.471634171
20436,730426.002911552,331789.62492082035,0.4542412559222609,0.05,0.06813618838833913,0.06813618838833913,False,0.11813618838833913,644136.2590278513
20437,503830.99358740565,205243.30260015128,0.4073653769069791,0.05,0.061104806536046864,0.061104806536046864,False,0.11110480653604687,447852.94851801265
20438,575300.8570559305,245399.63913089206,0.42655879288397164,0.05,0.06398381893259575,0.06398381893259575,False,0.11398381893259575,509725.86833350017
20439,477623.16242308787,153945.22828095028,0.32231524848994364,0.05,0.048347287273491545,0.048347287273491545,False,0.09834728727349154,430650.22005979094
20440,619220.3115644455,460052.89786076284,0.7429551151163792,0.05,0.11144326726745689,0.1,True,0.15000000000000002,526337.2648297787
20441,1064664.2489035628,459155.1957157403,0.43126760026797006,0.05,0.0646901400401955,0.0646901400401955,False,0.11469014004019551,942557.7571010236
20442,639975.8177055388,214390.27293566137,0.33499745928572744,0.05,0.050249618892859116,0.050249618892859116,False,0.10024961889285912,575818.4858799127
20443,203023.07924249064,92483.47762522643,0.45553184381941236,0.05,0.06832977657291185,0.06832977657291185,False,0.11832977657291185,178999.40363658214
20444,386312.5220363919,190835.81764883228,0.4939933519184629,0.05,0.07409900278776943,0.07409900278776943,False,0.12409900278776943,338371.52328724746
20445,1180864.4716203492,859338.5288752418,0.7277198607695271,0.05,0.10915797911542906,0.1,True,0.15000000000000002,1003734.8008772968
20446,281862.65707298415,110515.877114081,0.39209123429736403,0.05,0.058813685144604604,0.058813685144604604,False,0.1088136851446046,251192.14265222277
20447,312192.4397100806,116701.71707651007,0.3738133991485695,0.05,0.056072009872285423,0.056072009872285423,False,0.10607200987228543,279077.5601631001
20448,411552.56701109424,96025.67362634744,0.23332541532600592,0.05,0.03499881229890089,0.03499881229890089,False,0.08499881229890088,376571.0876165874
20449,691573.3518435333,174805.26251796633,0.2527646012559425,0.05,0.03791469018839138,0.03791469018839138,False,0.08791469018839138,630773.8948736617
20450,360617.98079935554,281902.8577939112,0.7817215801858735,0.05,0.11725823702788102,0.1,True,0.15000000000000002,306525.2836794522
20451,290707.4293245063,184008.98774454382,0.6329696773560649,0.05,0.09494545160340974,0.09494545160340974,False,0.14494545160340974,248570.70969659943
20452,924659.8424265644,685193.4825221233,0.7410222127998823,0.05,0.11115333191998235,0.1,True,0.15000000000000002,785960.8660625798
20453,423698.5033533652,143943.76927465206,0.3397315971980263,0.05,0.05095973957970395,0.05095973957970395,False,0.10095973957970394,380922.0127944991
20454,666564.3525702155,176307.27084463742,0.26450149961487074,0.05,0.03967522494223061,0.03967522494223061,False,0.08967522494223061,606790.0443150091
20455,341400.13959193503,195677.81049164015,0.573162655192607,0.05,0.08597439827889104,0.08597439827889104,False,0.13597439827889105,294978.4610385923
20456,778049.9348506737,376049.24481403653,0.48332276370694555,0.05,0.07249841455604183,0.07249841455604183,False,0.12249841455604184,682740.0513860345
20457,817154.1158711393,557309.7131112643,0.6820129792984472,0.05,0.10230194689476707,0.1,True,0.15000000000000002,694580.9984904684
20458,578677.8287989156,101827.87294954591,0.17596643223898253,0.05,0.02639496483584738,0.02639496483584738,False,0.07639496483584739,534469.7564165379
20459,301291.94079943653,106183.8992801813,0.3524286079423067,0.05,0.052864291191346,0.052864291191346,False,0.102864291191346,270299.75886743754
20460,293391.715085323,98502.07331284985,0.335735701617218,0.05,0.0503603552425827,0.0503603552425827,False,0.1003603552425827,263946.8183341294
20461,249836.47146663762,118217.87132076279,0.47318099966261024,0.05,0.07097714994939153,0.07097714994939153,False,0.12097714994939153,219611.9671951913
20462,353576.80631701427,141346.62347608467,0.399762147716653,0.05,0.05996432215749795,0.05996432215749795,False,0.10996432215749796,314695.97247975087
20463,639985.009133352,303267.92710312776,0.47386723559947735,0.05,0.0710800853399216,0.0710800853399216,False,0.12108008533992161,562495.5696112151
20464,213871.0967965753,90200.2850043455,0.4217507010315658,0.05,0.06326260515473486,0.06326260515473486,False,0.11326260515473487,189647.4992060947
20465,777669.3451087284,141453.3004787803,0.18189388763807227,0.05,0.02728408314571084,0.02728408314571084,False,0.07728408314571084,717567.8827814749
20466,494362.6876746641,123073.36932026758,0.24895359700216924,0.05,0.037343039550325384,0.037343039550325384,False,0.08734303955032538,451183.54789289075
20467,665194.8293979865,317327.1101620337,0.47704386164459595,0.05,0.07155657924668939,0.07155657924668939,False,0.12155657924668939,584336.0214037822
20468,279497.3806132783,178478.96497240878,0.6385711543370709,0.05,0.09578567315056064,0.09578567315056064,False,0.14578567315056062,238750.66683675305
20469,858661.0091361306,125987.19700250949,0.14672518684557587,0.05,0.02200877802683638,0.02200877802683638,False,0.07200877802683639,796829.8791289476
20470,190110.72990947057,218550.7949771301,1.1495973692868493,0.05,0.17243960539302738,0.1,True,0.15000000000000002,161594.12042305
20471,309259.5513393314,168631.7248553214,0.5452757210731779,0.05,0.08179135816097668,0.08179135816097668,False,0.1317913581609767,268501.81504406664
20472,265233.5131807217,71431.34638384136,0.2693149350820169,0.05,0.040397240262302535,0.040397240262302535,False,0.09039724026230253,241257.13556410943
20473,577829.1152113014,266284.1187993601,0.46083541273614254,0.05,0.06912531191042137,0.06912531191042137,False,0.11912531191042137,508995.04163083225
20474,315752.04427333,67617.43020047576,0.21414724441797403,0.05,0.0321220866626961,0.0321220866626961,False,0.0821220866626961,289821.82752959215
20475,297759.32223244605,101412.21730299969,0.34058452491986857,0.05,0.051087678737980285,0.051087678737980285,False,0.10108767873798029,267659.5235253738
20476,616550.7928398533,239454.29526538763,0.3883772400363857,0.05,0.05825658600545785,0.05825658600545785,False,0.10825658600545784,549805.1089080526
20477,839143.4068857731,310631.18251307146,0.3701765156755329,0.05,0.055526477351329935,0.055526477351329935,False,0.10552647735132994,750591.5591645237
20478,661915.81389567,114452.87227687635,0.17291152420618283,0.05,0.025936728630927424,0.025936728630927424,False,0.07593672863092743,611652.0923593551
20479,381613.34334327717,170865.88433930415,0.44774609515056485,0.05,0.06716191427258472,0.06716191427258472,False,0.11716191427258472,336902.7935252177
20480,400937.78295900417,150165.08542857663,0.3745346330802926,0.05,0.05618019496204389,0.05618019496204389,False,0.1061801949620439,358366.1309967675
20481,1097592.6398771983,410998.5033751023,0.37445450018787113,0.05,0.05616817502818067,0.05616817502818067,False,0.10616817502818067,981063.232377073
20482,668858.50486831,179954.42526623385,0.2690470764091797,0.05,0.04035706146137695,0.04035706146137695,False,0.09035706146137695,608422.4158349594
20483,312148.440732063,89543.97973957474,0.28686345358500787,0.05,0.04302951803775118,0.04302951803775118,False,0.09302951803775118,283109.42173452367
20484,1059708.2510405378,702497.2256124135,0.6629156892216557,0.05,0.09943735338324834,0.09943735338324834,False,0.14943735338324834,901348.2546466489
20485,399288.71396795264,158201.46322300017,0.39620820145619645,0.05,0.059431230218429464,0.059431230218429464,False,0.10943123021842946,355594.05878610496
20486,1475427.1111140507,779250.4043269518,0.5281524234284696,0.05,0.07922286351427044,0.07922286351427044,False,0.12922286351427043,1284768.1949093053
20487,197063.72143825638,118455.15884622591,0.601100791062347,0.05,0.09016511865935205,0.09016511865935205,False,0.14016511865935205,169442.2615394097
20488,501599.91741885734,185385.4994101525,0.36958837705578745,0.05,0.055438256558368114,0.055438256558368114,False,0.10543825655836811,448712.0966363916
20489,309112.57346337975,200190.59216079413,0.6476300524362543,0.05,0.09714450786543814,0.09714450786543814,False,0.14714450786543815,263628.3559660917
20490,323885.0117233401,304272.57015254954,0.9394462822887792,0.05,0.1409169423433169,0.1,True,0.15000000000000002,275302.2599648391
20491,731974.9635517068,127942.697965411,0.17479108485432934,0.05,0.026218662728149402,0.026218662728149402,False,0.07621866272814941,676184.8106793098
20492,392071.81100750633,70236.72219469724,0.17914249436655505,0.05,0.026871374154983255,0.026871374154983255,False,0.07687137415498325,361932.7121279264
20493,335693.5335040958,218360.92259782323,0.6504770000139398,0.05,0.09757155000209097,0.09757155000209097,False,0.147571550002091,286154.71843921754
20494,358910.1965930696,158908.7474058536,0.44275350467689123,0.05,0.06641302570153368,0.06641302570153368,False,0.11641302570153368,317128.3746525381
20495,365379.98941613507,115565.2354792094,0.3162878067402617,0.05,0.04744317101103925,0.04744317101103925,False,0.09744317101103925,329776.2046234469
20496,794981.9987120694,169551.97355479992,0.21327775198619198,0.05,0.031991662797928797,0.031991662797928797,False,0.0819916627979288,729800.1027432459
20497,182980.5397184158,134602.79538201232,0.735612626288835,0.05,0.11034189394332523,0.1,True,0.15000000000000002,155533.45876065342
20498,290289.2543875752,76598.77356933829,0.26387050988483585,0.05,0.03958057648272537,0.03958057648272537,False,0.08958057648272538,264284.9756327957
20499,430166.355642149,128358.26643037872,0.29839215630605626,0.05,0.04475882344590844,0.04475882344590844,False,0.09475882344590844,389404.2978954847
20500,733649.1597640153,259327.92383417638,0.3534767543625232,0.05,0.053021513154378475,0.053021513154378475,False,0.10302151315437848,658067.5132006882
20501,592301.2899654589,224411.669371276,0.37888093977368,0.05,0.05683214096605199,0.05683214096605199,False,0.106832140966052,529024.4750614946
20502,227309.50238961313,86180.13378764858,0.37913124124452163,0.05,0.056869686186678245,0.056869686186678245,False,0.10686968618667825,203017.0072019852
20503,702006.8355782155,188074.23200784996,0.26790940269540336,0.05,0.0401864104043105,0.0401864104043105,False,0.0901864104043105,638695.3589981273
20504,381309.6600488997,221043.5563179843,0.5796956633347221,0.05,0.08695434950020832,0.08695434950020832,False,0.13695434950020832,329087.64359875704
20505,383095.51286164107,353448.4667717047,0.9226118680731098,0.05,0.13839178021096646,0.1,True,0.15000000000000002,325631.1859323949
20506,1038528.4223305439,456092.4969982306,0.43917189668696904,0.05,0.06587578450304535,0.06587578450304535,False,0.11587578450304535,918188.126664282
20507,494008.98574434174,72754.72465645545,0.1472740916783795,0.05,0.022091113751756923,0.022091113751756923,False,0.07209111375175692,458395.32775865635
20508,398593.6067831942,110012.94730968971,0.276002789401308,0.05,0.0414004184101962,0.0414004184101962,False,0.0914004184101962,362161.984347581
20509,643414.6143807037,244460.53630232718,0.3799424676382649,0.05,0.05699137014573973,0.05699137014573973,False,0.10699137014573973,574574.8032163194
20510,828630.237489968,184836.30185270717,0.2230624631954068,0.05,0.03345936947931102,0.03345936947931102,False,0.08345936947931101,759473.2803375635
20511,433385.9636921284,96766.93319050717,0.22328118881867873,0.05,0.03349217832280181,0.03349217832280181,False,0.08349217832280181,397201.62552894594
20512,564519.9074266318,138005.19107031985,0.2444647022270969,0.05,0.03666970533406454,0.03666970533406454,False,0.08666970533406454,515593.13339475216
20513,631224.5290990768,214337.99112354836,0.3395590336602809,0.05,0.05093385504904213,0.05093385504904213,False,0.10093385504904213,567512.6039755907
20514,291939.9044980958,90851.10075781753,0.31119795327058525,0.05,0.04667969299058779,0.04667969299058779,False,0.09667969299058779,263715.2441595184
20515,278813.5489537107,57142.3720669116,0.20494833296784482,0.05,0.03074224994517672,0.03074224994517672,False,0.08074224994517673,256301.51569598843
20516,365019.90205562406,202655.72443859896,0.5551908904071674,0.05,0.08327863356107511,0.08327863356107511,False,0.1332786335610751,316370.548287053
20517,662215.5167399658,285404.9643514134,0.4309850149033646,0.05,0.06464775223550469,0.06464775223550469,False,0.11464775223550469,586293.9962502555
20518,406391.35480733577,178201.2750566849,0.43849671738506235,0.05,0.06577450760775935,0.06577450760775935,False,0.11577450760775936,359341.59580846626
20519,309091.2568143086,199202.05954170105,0.6444765264304283,0.05,0.09667147896456424,0.09667147896456424,False,0.14667147896456423,263756.385042338
20520,319940.26382338884,148004.55218498653,0.4626005817970037,0.05,0.06939008726955055,0.06939008726955055,False,0.11939008726955055,281742.5678044714
20521,680131.4844988658,315031.1400601651,0.4631915258154623,0.05,0.06947872887231935,0.06947872887231935,False,0.11947872887231935,598870.2392648978
20522,707345.8756212313,151981.4579801202,0.21486158782878528,0.05,0.03222923817431779,0.03222923817431779,False,0.08222923817431779,649181.3631431516
20523,564982.12847495,211331.10869172367,0.374049192072973,0.05,0.05610737881094595,0.05610737881094595,False,0.10610737881094595,505033.355747444
20524,790550.244438112,194930.5957973,0.2465758465938468,0.05,0.036986376989077016,0.036986376989077016,False,0.08698637698907702,721783.1428466113
20525,548534.4455267293,140851.40700091032,0.25677768852903665,0.05,0.038516653279355495,0.038516653279355495,False,0.0885166532793555,499980.0122002563
20526,469831.1120072953,238023.51627518912,0.5066150584584812,0.05,0.07599225876877218,0.07599225876877218,False,0.12599225876877218,410636.02896565216
20527,489911.938533833,195919.74547811528,0.3999080856540204,0.05,0.05998621284810306,0.05998621284810306,False,0.10998621284810306,436028.3797854241
20528,243436.8933228893,152608.4486693287,0.6268912102279922,0.05,0.09403368153419883,0.09403368153419883,False,0.14403368153419882,208373.7813563455
20529,365213.9583694042,136643.5009104525,0.37414643602488284,0.05,0.056121965403732425,0.056121965403732425,False,0.10612196540373242,326456.7353143661
20530,544358.8511144221,351091.06716316665,0.6449625397739123,0.05,0.09674438096608684,0.09674438096608684,False,0.14674438096608683,464477.24848422594
20531,384095.78271746676,156037.127101566,0.4062453536917478,0.05,0.060936803053762166,0.060936803053762166,False,0.11093680305376216,341485.42451635853
20532,860476.1450354818,127142.62584057695,0.14775845509968694,0.05,0.02216376826495304,0.02216376826495304,False,0.07216376826495305,798380.9439076211
20533,285671.73176825827,87460.29846430288,0.30615664323151215,0.05,0.04592349648472682,0.04592349648472682,False,0.09592349648472683,258269.1004101999
20534,359166.24673098815,191127.08910395365,0.5321410094727134,0.05,0.079821151420907,0.079821151420907,False,0.129821151420907,312538.87102884566
20535,332511.4776125401,206320.98736985133,0.6204928288528656,0.05,0.09307392432792984,0.09307392432792984,False,0.14307392432792984,284937.7556264354
20536,1026885.5131360206,609007.9174357357,0.5930631113646521,0.05,0.0889594667046978,0.0889594667046978,False,0.1389594667046978,884190.0498638592
20537,920776.0045432474,353467.39126088563,0.38387988991548905,0.05,0.05758198348732335,0.05758198348732335,False,0.10758198348732335,821717.0956269521
20538,992792.9996854465,585326.2091737667,0.5895752783905805,0.05,0.08843629175858708,0.08843629175858708,False,0.13843629175858707,855354.4183251092
20539,363285.11948164133,158014.17825926404,0.434959126552524,0.05,0.0652438689828786,0.0652438689828786,False,0.1152438689828786,321418.7367686696
20540,301505.99439597945,189792.86965290754,0.6294829064116226,0.05,0.09442243596174339,0.09442243596174339,False,0.1444224359617434,257961.76422824434
20541,661732.2371915207,335410.4275020913,0.5068672926161457,0.05,0.07603009389242185,0.07603009389242185,False,0.12603009389242187,578334.061206631
20542,564371.8015248554,144610.02867039514,0.25623184623979905,0.05,0.038434776935969854,0.038434776935969854,False,0.08843477693596985,514461.70714805333
20543,873534.9330790413,373242.3451019183,0.42727809841137254,0.05,0.06409171476170587,0.06409171476170587,False,0.11409171476170588,773871.8346598014
20544,266801.9534063622,36471.361119167035,0.136698253717873,0.05,0.02050473805768095,0.02050473805768095,False,0.07050473805768095,247991.15156816904
20545,607357.1497213233,335515.2963096455,0.5524184517521391,0.05,0.08286276776282087,0.08286276776282087,False,0.13286276776282085,526661.9977888103
20546,380435.7803271053,164428.92245812708,0.4322120340961311,0.05,0.06483180511441966,0.06483180511441966,False,0.11483180511441966,336749.652942031
20547,333755.05302676244,188331.85518027778,0.5642816594755083,0.05,0.08464224892132625,0.08464224892132625,False,0.13464224892132626,288817.52209838264
20548,293925.1580179048,89486.18735906173,0.3044522897002596,0.05,0.045667843455038944,0.045667843455038944,False,0.09566784345503895,265805.9720131503
20549,1081289.5496620764,273792.7077531528,0.2532094274273882,0.05,0.037981414114108235,0.037981414114108235,False,0.08798141411410823,986156.1660159997
20550,1162975.5194373028,470457.1482638131,0.4045288489747749,0.05,0.060679327346216234,0.060679327346216234,False,0.11067932734621624,1034258.1712258657
20551,826422.7108234063,146806.64938954043,0.17764111206874944,0.05,0.026646166810312417,0.026646166810312417,False,0.07664616681031242,763080.577873805
20552,500084.1306418718,227584.83294240793,0.4550930913370447,0.05,0.06826396370055669,0.06826396370055669,False,0.1182639637005567,440942.199168417
20553,833850.6480747046,243684.19832546008,0.292239622153089,0.05,0.04383594332296335,0.04383594332296335,False,0.09383594332296336,755605.4859221503
20554,437446.7005651412,284817.8764454864,0.6510916097378896,0.05,0.09766374146068343,0.09766374146068343,False,0.14766374146068345,372851.6840700612
20555,426550.24504635064,138690.09248045203,0.32514362397185215,0.05,0.04877154359577782,0.04877154359577782,False,0.09877154359577783,384419.2189219653
20556,336248.4275776913,146792.63435614127,0.4365600618971648,0.05,0.06548400928457472,0.06548400928457472,False,0.11548400928457472,297417.1110453856
20557,622417.0021384743,268810.69914302405,0.4318819990769139,0.05,0.06478229986153708,0.06478229986153708,False,0.11478229986153708,550974.5471600969
20558,283802.4676495341,74954.19237096614,0.26410690855418,0.05,0.039616036283127,0.039616036283127,False,0.089616036283127,258369.2154114125
20559,200563.56723232492,110936.67186225232,0.553124744404589,0.05,0.08296871166068835,0.08296871166068835,False,0.13296871166068835,173894.8880913708
20560,205039.10987350217,83903.88215413585,0.4092091611493043,0.05,0.06138137417239564,0.06138137417239564,False,0.11138137417239564,182201.57205670667
20561,322049.7643652794,92199.17453754932,0.2862885949296146,0.05,0.04294328923944219,0.04294328923944219,False,0.0929432892394422,292117.39996638306
20562,591077.6529495704,322297.817675372,0.5452715325423914,0.05,0.0817907298813587,0.0817907298813587,False,0.1317907298813587,513179.0976507861
20563,746636.793352585,432800.7914016106,0.5796671089007378,0.05,0.08695006633511067,0.08695006633511067,False,0.13695006633511067,644384.8349747142
20564,403759.37746076233,208036.66595967766,0.5152491250308975,0.05,0.07728736875463461,0.07728736875463461,False,0.12728736875463462,352365.90869377257
20565,640226.9278946187,268816.7228964549,0.4198772516183545,0.05,0.06298158774275317,0.06298158774275317,False,0.11298158774275317,567893.0730654196
20566,904025.2354961302,245392.00815458084,0.27144375900072015,0.05,0.04071656385010802,0.04071656385010802,False,0.09071656385010803,822015.1724981365
20567,249251.57858269068,254264.69206894946,1.0201126649418417,0.05,0.15301689974127625,0.1,True,0.15000000000000002,211863.84179528707
20568,462095.298905528,166875.6755471505,0.361128269303746,0.05,0.054169240395561896,0.054169240395561896,False,0.1041692403955619,413959.182628179
20569,892424.1098668391,534985.3169078564,0.5994742981424862,0.05,0.08992114472137293,0.08992114472137293,False,0.13992114472137293,767555.1068373187
20570,339814.91722186434,60293.43687451759,0.17743022398028557,0.05,0.026614533597042835,0.026614533597042835,False,0.07661453359704284,313780.1558295935
20571,312858.908056219,130945.60118117611,0.4185452221729481,0.05,0.06278178332594221,0.06278178332594221,False,0.11278178332594221,277574.1224762316
20572,308164.05938083533,211544.78862703053,0.6864680749989707,0.05,0.1029702112498456,0.1,True,0.15000000000000002,261939.45047371002
20573,338115.34576501657,78639.28589871567,0.2325812385734435,0.05,0.034887185786016524,0.034887185786016524,False,0.08488718578601653,309413.6855919584
20574,942862.6224238443,192321.1636040609,0.2039758062629053,0.05,0.03059637093943579,0.03059637093943579,False,0.0805963709394358,866871.3167620429
20575,472978.96620440064,243776.53982659697,0.5154067247067547,0.05,0.0773110087060132,0.0773110087060132,False,0.1273110087060132,412763.5369201911
20576,590370.5404761782,127859.34732146934,0.21657474171787294,0.05,0.03248621125768094,0.03248621125768094,False,0.08248621125768094,541673.1113541488
20577,492318.8129008865,268532.4858741878,0.5454442910517999,0.05,0.08181664365776999,0.08181664365776999,False,0.13181664365777,427422.99937471404
20578,357866.63591188996,157880.15015761362,0.44117035318286885,0.05,0.06617555297743033,0.06617555297743033,False,0.11617555297743033,316291.2815926534
20579,280252.2123781054,93728.28325233987,0.33444261673083714,0.05,0.05016639250962557,0.05016639250962557,False,0.10016639250962557,252180.35927134912
20580,251070.55087941387,76140.59278156442,0.30326373409732876,0.05,0.045489560114599314,0.045489560114599314,False,0.09548956011459932,227095.93441820852
20581,379120.5568631622,109250.84913089371,0.28816915135078297,0.05,0.04322537270261744,0.04322537270261744,False,0.09322537270261744,343776.90165037004
20582,681673.6559783386,242663.73891569092,0.3559822750776832,0.05,0.05339734126165248,0.05339734126165248,False,0.10339734126165248,611190.412342068
20583,831567.864814019,69470.49908604135,0.08354158695343344,0.05,0.012531238043015017,0.012531238043015017,False,0.06253123804301502,779568.8967104119
20584,182651.78577958458,190365.5529297474,1.0422320927071111,0.05,0.15633481390606666,0.1,True,0.15000000000000002,155254.0179126469
20585,448344.34431773203,198987.16891424125,0.443826651180467,0.05,0.06657399767707005,0.06657399767707005,False,0.11657399767707005,396079.05176470923
20586,570359.0507581291,338202.9259678256,0.5929649499175679,0.05,0.08894474248763518,0.08894474248763518,False,0.13894474248763516,491110.65932504885
20587,313837.8884094821,32199.785993104917,0.10260005940102436,0.05,0.015390008910153654,0.015390008910153654,False,0.06539000891015366,293316.02609004226
20588,717457.2952677283,350315.916225414,0.4882742409005531,0.05,0.07324113613508296,0.07324113613508296,False,0.12324113613508296,629037.0430705298
20589,244024.57465732744,204292.2822740854,0.8371791347693719,0.05,0.12557687021540578,0.1,True,0.15000000000000002,207420.88845872832
20590,679662.8689224194,141827.34632908273,0.2086730831036052,0.05,0.031300962465540774,0.031300962465540774,False,0.08130096246554078,624405.623526936
20591,278304.0503024798,98590.69446385407,0.3542553346122666,0.05,0.05313830019183999,0.05313830019183999,False,0.10313830019183999,249600.2436177777
20592,971874.3263243057,263663.4371210169,0.27129375679488293,0.05,0.04069406351923244,0.04069406351923244,False,0.09069406351923244,883731.0944399378
20593,368642.4221479185,223640.70619622385,0.6066602560095148,0.05,0.09099903840142722,0.09099903840142722,False,0.14099903840142722,316664.195111089
20594,259324.1260106392,130420.24368758549,0.50292367969741,0.05,0.07543855195461151,0.07543855195461151,False,0.1254385519546115,226794.8831569694
20595,583057.2411532504,231818.19311005704,0.3975907968341758,0.05,0.05963861952512637,0.05963861952512637,False,0.10963861952512638,519131.65012907935
20596,532919.5068474482,259339.27848800342,0.48663874216606795,0.05,0.07299581132491019,0.07299581132491019,False,0.12299581132491019,467372.6397318753
20597,254576.02978297643,98356.36457130781,0.3863535960363419,0.05,0.05795303940545128,0.05795303940545128,False,0.10795303940545128,227093.77360813142
20598,634262.3822292453,341899.14564115694,0.5390500134021542,0.05,0.08085750201032313,0.08085750201032313,False,0.13085750201032315,551264.3912716095
20599,547310.361799838,176506.53185186163,0.3224980635693016,0.05,0.04837470953539524,0.04837470953539524,False,0.09837470953539523,493468.86393206683
20600,813792.2896520076,367795.8872439441,0.4519530252630193,0.05,0.0677929537894529,0.0677929537894529,False,0.1177929537894529,717933.2920828157
20601,416381.54430297064,109414.17901688465,0.26277384411944993,0.05,0.03941607661791749,0.03941607661791749,False,0.08941607661791749,379150.3402352894
20602,481205.9298835529,132668.8821453888,0.2757008463663226,0.05,0.04135512695494838,0.04135512695494838,False,0.09135512695494838,437245.3010675669
20603,327200.34523945145,64259.84578822408,0.1963929645037431,0.05,0.029458944675561465,0.029458944675561465,False,0.07945894467556147,301201.35110924527
20604,254379.97438692392,64338.422254237346,0.25292251251026376,0.05,0.037938376876539566,0.037938376876539566,False,0.08793837687653958,232010.21232944212
20605,479707.47898074193,213078.65801371232,0.4441845652822654,0.05,0.06662768479233981,0.06662768479233981,False,0.11662768479233981,423760.306329648
20606,259822.80997750477,70798.24234186317,0.2724866317472004,0.05,0.040872994762080055,0.040872994762080055,False,0.09087299476208005,236211.93312735006
20607,411307.6282395818,174351.52666146867,0.4238956797560559,0.05,0.06358435196340838,0.06358435196340838,False,0.11358435196340838,364589.51782838244
20608,339861.75395736896,247956.22792791558,0.7295796747962947,0.05,0.1094369512194442,0.1,True,0.15000000000000002,288882.4908637636
20609,572402.5362596355,304777.5388732777,0.5324531593882281,0.05,0.07986797390823422,0.07986797390823422,False,0.12986797390823424,498065.778615662
20610,382573.4350456409,126219.99277513969,0.32992356816432294,0.05,0.04948853522464844,0.04948853522464844,False,0.09948853522464844,344511.76437708794
20611,524194.721506634,212802.8786179613,0.40596150607225856,0.05,0.06089422591083878,0.06089422591083878,False,0.11089422591083878,466064.55363860814
20612,567646.5586849573,242044.4835526051,0.4263999840205836,0.05,0.06395999760308754,0.06395999760308754,False,0.11395999760308755,502957.55821781873
20613,617967.5825183465,311967.86961928837,0.504828859060785,0.05,0.07572432885911774,0.07572432885911774,False,0.12572432885911775,540274.0229495359
20614,689682.4259032318,125062.3496609811,0.18133324116124191,0.05,0.027199986174186286,0.027199986174186286,False,0.07719998617418629,636438.952158923
20615,750310.8874737815,486748.5913308404,0.6487292127263036,0.05,0.09730938190894553,0.09730938190894553,False,0.14730938190894555,639783.0544004664
20616,789753.5288405428,433942.5489283318,0.5494657929106235,0.05,0.08241986893659352,0.08241986893659352,False,0.13241986893659352,685174.4700592658
20617,248490.28269571997,151160.13748646772,0.6083140791125645,0.05,0.09124711186688468,0.09124711186688468,False,0.14124711186688468,213391.7479379638
20618,650616.6977268991,144331.98651984765,0.22183873703842752,0.05,0.033275810555764125,0.033275810555764125,False,0.08327581055576413,596436.0648625769
20619,409728.60818205954,130763.53197953256,0.319146697028851,0.05,0.04787200455432765,0.04787200455432765,False,0.09787200455432765,369627.6479760267
20620,821157.3131521165,739170.0870490208,0.9001564928060163,0.05,0.13502347392090244,0.1,True,0.15000000000000002,697983.716179299
20621,373076.14182274684,180226.31442633655,0.48308185440591467,0.05,0.0724622781608872,0.0724622781608872,False,0.1224622781608872,327388.387567659
20622,285854.4066139342,174630.02658876224,0.6109054908662365,0.05,0.09163582362993547,0.09163582362993547,False,0.1416358236299355,245367.18229492314
20623,429613.1953407934,278076.927302722,0.6472727800693732,0.05,0.09709091701040597,0.09709091701040597,False,0.14709091701040597,366420.9964783454
20624,781706.4915298279,180646.76860731957,0.23109283415798082,0.05,0.03466392512369712,0.03466392512369712,False,0.08466392512369712,715524.1516622386
20625,403669.32300594915,61422.938144957414,0.15216152093889032,0.05,0.022824228140833548,0.022824228140833548,False,0.07282422814083356,374272.4161339081
20626,244507.02550958205,80780.71639093032,0.33038198482261844,0.05,0.04955729772339276,0.04955729772339276,False,0.09955729772339277,220164.5667754634
20627,412099.84366876935,162534.44363070757,0.3944054969391028,0.05,0.05916082454086542,0.05916082454086542,False,0.10916082454086543,367114.68494072475
20628,348659.1555818003,55274.30808005249,0.15853393549301006,0.05,0.023780090323951508,0.023780090323951508,False,0.07378009032395151,322935.05159070244
20629,418648.57658308675,369333.8140314088,0.8822048722721724,0.05,0.13233073084082586,0.1,True,0.15000000000000002,355851.2900956237
20630,1286429.8172804972,750781.5097115727,0.5836163773774453,0.05,0.08754245660661679,0.08754245660661679,False,0.1375424566066168,1109491.0999597365
20631,902860.4837529056,402132.8201410655,0.445398627337777,0.05,0.06680979410066655,0.06680979410066655,False,0.11680979410066655,797397.5365441006
20632,643278.34661223,382709.0472761848,0.5949353795160198,0.05,0.08924030692740297,0.08924030692740297,False,0.13924030692740297,553708.0721901908
20633,985378.6479331189,288622.4097861026,0.29290507805451493,0.05,0.043935761708177236,0.043935761708177236,False,0.09393576170817725,892816.3540685475
20634,200830.98815091874,152138.24022358615,0.7575436521243356,0.05,0.11363154781865034,0.1,True,0.15000000000000002,170706.3399282809
20635,546980.8472224011,256586.4506988133,0.46909585957492567,0.05,0.07036437893623884,0.07036437893623884,False,0.12036437893623884,481143.837256459
20636,430962.5682406789,185604.03425080515,0.43067321370507333,0.05,0.064600982055761,0.064600982055761,False,0.114600982055761,381573.8346910242
20637,592965.8871106599,215758.93886017986,0.3638639988406529,0.05,0.05457959982609793,0.05457959982609793,False,0.10457959982609794,530953.7519260999
20638,707471.0966602899,360275.0106232846,0.5092434338646625,0.05,0.07638651507969937,0.07638651507969937,False,0.1263865150796994,618056.2902337827
20639,268515.03403939435,97777.53409520077,0.3641417488782235,0.05,0.05462126233173352,0.05462126233173352,False,0.10462126233173352,240422.6522231445
20640,388615.2196483446,188162.18559185404,0.48418635215090333,0.05,0.0726279528226355,0.0726279528226355,False,0.1226279528226355,340960.13082714926
20641,297870.69104870607,163931.93660428358,0.5503459774009064,0.05,0.08255189661013596,0.08255189661013596,False,0.13255189661013594,258387.36600562822
20642,349312.3892285316,153752.74876317434,0.4401583038687593,0.05,0.06602374558031389,0.06602374558031389,False,0.11602374558031389,308783.8574526289
20643,410731.93260670674,219366.16768562782,0.5340859822936637,0.05,0.08011289734404954,0.08011289734404954,False,0.13011289734404954,357290.41082352726
20644,1150502.5434447112,367050.6407093387,0.31903505368215446,0.05,0.047855258052323164,0.047855258052323164,False,0.09785525805232317,1037919.8201660748
20645,879719.5936424178,300158.2720662971,0.3411976659784428,0.05,0.05117964989676642,0.05117964989676642,False,0.10117964989676642,790709.8731503524
20646,767407.5644060028,389009.7957368294,0.5069142054104393,0.05,0.07603713081156589,0.07603713081156589,False,0.1260371308115659,670685.7168251782
20647,494154.39005519386,238387.0508098083,0.48241411106998766,0.05,0.07236211666049815,0.07236211666049815,False,0.12236211666049815,433688.61293096293
20648,278962.0990978226,207494.90705998568,0.7438103876155026,0.05,0.11157155814232537,0.1,True,0.15000000000000002,237117.78423314923
20649,603240.0017506774,298829.300037,0.4953738133574701,0.05,0.07430607200362051,0.07430607200362051,False,0.12430607200362051,528253.6066575935
20650,348312.3005736185,164329.78843004658,0.47178864530313713,0.05,0.07076829679547057,0.07076829679547057,False,0.12076829679547058,306247.21728043054
20651,719976.333411902,688946.7513070547,0.9569019415432714,0.05,0.1435352912314907,0.1,True,0.15000000000000002,611979.8834001167
20652,523099.81518903683,216658.45469107828,0.4141818605169697,0.05,0.06212727907754545,0.06212727907754545,False,0.11212727907754545,464446.05622592324
20653,379639.16027010645,158400.2824599106,0.4172390496997508,0.05,0.06258585745496262,0.06258585745496262,False,0.11258585745496262,336897.15988761454
20654,714922.1355395857,133112.41768194444,0.18619149004454613,0.05,0.027928723506681918,0.027928723506681918,False,0.07792872350668192,659209.1661103148
20655,402344.0819016114,186782.9836876993,0.4642369357215373,0.05,0.0696355403582306,0.0696355403582306,False,0.1196355403582306,354209.43025337596
20656,229469.14352110043,176066.1987710296,0.7672761403532224,0.05,0.11509142105298337,0.1,True,0.15000000000000002,195048.77199293536
20657,487304.4160715691,189190.1302811785,0.38823807878932226,0.05,0.05823571181839834,0.05823571181839834,False,0.10823571181839833,434560.67572581384
20658,582274.340929109,158681.22007721936,0.27251968517798475,0.05,0.04087795277669771,0.04087795277669771,False,0.09087795277669772,529358.4408710706
20659,272318.513811302,96663.57740411174,0.35496513274559416,0.05,0.05324476991183912,0.05324476991183912,False,0.10324476991183912,244203.0515101202
20660,461306.9335009921,312800.2293740895,0.6780739821102576,0.05,0.10171109731653864,0.1,True,0.15000000000000002,392110.89347584324
20661,231728.95956816224,267550.1588269237,1.1545823160191802,0.05,0.17318734740287703,0.1,True,0.15000000000000002,196969.6156329379
20662,280666.55130346824,90777.21328532265,0.32343438455254536,0.05,0.0485151576828818,0.0485151576828818,False,0.0985151576828818,253016.64174549642
20663,866444.132362939,272194.99034567736,0.31415180757627825,0.05,0.047122771136441734,0.047122771136441734,False,0.09712277113644174,782292.6771929404
20664,448462.0505269337,152551.27978738758,0.34016541557561664,0.05,0.05102481233634249,0.05102481233634249,False,0.1010248123363425,403156.2560324788
20665,377054.8916647916,73894.21113578876,0.1959773305407267,0.05,0.029396599581109004,0.029396599581109004,False,0.079396599581109,347118.0154111837
20666,1274399.3302692866,1118809.883657604,0.8779115439594544,0.05,0.13168673159391814,0.1,True,0.15000000000000002,1083239.4307288937
20667,415478.1890194741,133446.09217197885,0.32118675708804545,0.05,0.04817801356320681,0.04817801356320681,False,0.09817801356320682,374687.36574270355
20668,612990.2600008023,373508.40032701846,0.6093219170016332,0.05,0.09139828755024497,0.09139828755024497,False,0.14139828755024497,526314.4869517095
20669,332265.72252658586,241915.72355262545,0.7280790859588859,0.05,0.10921186289383289,0.1,True,0.15000000000000002,282425.864147598
20670,742760.0991068713,475920.6803603179,0.6407461587295639,0.05,0.09611192380943458,0.09611192380943458,False,0.14611192380943458,634233.99209748
20671,241141.77892600076,133888.14154261095,0.5552258183501966,0.05,0.08328387275252948,0.08328387275252948,False,0.13328387275252948,209001.46874830907
20672,394442.676320642,55513.89784467063,0.1407400902014554,0.05,0.021111013530218308,0.021111013530218308,False,0.07111101353021831,366393.4578279093
20673,433853.2026542164,68688.83881721064,0.15832276538927859,0.05,0.023748414808391786,0.023748414808391786,False,0.07374841480839178,401857.21669892396
20674,1051464.1739252363,376197.88121108676,0.35778478291532934,0.05,0.0536677174372994,0.0536677174372994,False,0.10366771743729941,942461.2830473115
20675,591334.1933985084,202637.20484957634,0.3426779765346942,0.05,0.05140169648020412,0.05140169648020412,False,0.10140169648020413,531371.9030011465
20676,239054.643247994,73219.72045930297,0.30628863537005313,0.05,0.04594329530550797,0.04594329530550797,False,0.09594329530550796,216118.95301669888
20677,284708.0909133197,100415.49144382504,0.3526963042100439,0.05,0.052904445631506584,0.052904445631506584,False,0.10290444563150658,255410.36265107998
20678,760626.0684815871,504621.1384152678,0.6634286666280403,0.05,0.09951429999420605,0.09951429999420605,False,0.14951429999420607,646901.5942952175
20679,233143.9766172092,109339.99693432753,0.4689805780993818,0.05,0.07034708671490728,0.07034708671490728,False,0.12034708671490728,205085.77824619962
20680,515910.3780284299,163453.66986622172,0.31682570622220435,0.05,0.04752385593333065,0.04752385593333065,False,0.09752385593333066,465596.80864707514
20681,516951.2648689121,136247.09523059143,0.26355887776992054,0.05,0.03953383166548808,0.03953383166548808,False,0.08953383166548809,470666.6373408778
20682,544170.1237016991,226834.2669543064,0.4168443967692932,0.05,0.06252665951539398,0.06252665951539398,False,0.11252665951539398,482936.47747346817
20683,179911.35358606867,202839.0180325935,1.127438674600135,0.05,0.16911580119002026,0.1,True,0.15000000000000002,152924.65054815836
20684,2156100.445233495,1427165.8285947156,0.6619199173905651,0.05,0.09928798760858476,0.09928798760858476,False,0.14928798760858475,1834220.5486826128
20685,888141.7963882084,303293.51216108934,0.3414922182409251,0.05,0.051223832736138765,0.051223832736138765,False,0.10122383273613877,798240.6797446345
20686,1650199.336327314,834697.865879871,0.5058163868478918,0.05,0.07587245802718376,0.07587245802718376,False,0.12587245802718378,1442484.6896289675
20687,296661.76423892623,268260.25381608884,0.904262989550742,0.05,0.1356394484326113,0.1,True,0.15000000000000002,252162.4996030873
20688,453170.68002759846,169022.67967820587,0.3729779686274325,0.05,0.05594669529411487,0.05594669529411487,False,0.10594669529411488,405158.74407448765
20689,218881.47601439082,118799.71985637007,0.5427582179158885,0.05,0.08141373268738328,0.08141373268738328,False,0.13141373268738327,190117.44423521578
20690,528711.728339111,343083.3957101957,0.6489044545842666,0.05,0.09733566818763999,0.09733566818763999,False,0.14733566818764,450813.63256562606
20691,248873.58480553876,69343.37369639712,0.27862890210136054,0.05,0.04179433531520408,0.04179433531520408,False,0.09179433531520409,226028.39951080226
20692,424565.30206150067,206352.9029101134,0.486033366146869,0.05,0.07290500492203035,0.07290500492203035,False,0.12290500492203035,372384.1015219086
20693,241667.15647355648,203427.30768737124,0.8417664636594113,0.05,0.1262649695489117,0.1,True,0.15000000000000002,205417.083002523
20694,678424.8657222963,454888.1599041794,0.6705063196937441,0.05,0.1005759479540616,0.1,True,0.15000000000000002,576661.1358639519
20695,312700.3220345494,222442.07994132428,0.7113586532115797,0.05,0.10670379798173694,0.1,True,0.15000000000000002,265795.27372936695
20696,305138.63202755107,95557.6803790569,0.31316152839811173,0.05,0.04697422925971676,0.04697422925971676,False,0.09697422925971677,275548.048369315
20697,361595.0470269254,130362.2834827606,0.3605201026800941,0.05,0.05407801540201412,0.05407801540201412,False,0.10407801540201411,323960.952153165
20698,354540.1312419069,105263.38921963319,0.29690119663156195,0.05,0.04453517949473429,0.04453517949473429,False,0.09453517949473429,321023.61629686656
20699,838074.9014254757,197395.7239840998,0.2355347041754273,0.05,0.035330205626314094,0.035330205626314094,False,0.0853302056263141,766561.7977565869
20700,237828.00659908887,187381.04403052464,0.7878846848613434,0.05,0.1181827027292015,0.1,True,0.15000000000000002,202153.80560922553
20701,541830.4368658268,226681.44564185955,0.41836233297095593,0.05,0.06275434994564338,0.06275434994564338,False,0.11275434994564339,480736.69817625656
20702,247894.74261545308,87237.22465664908,0.3519123630305298,0.05,0.05278685445457947,0.05278685445457947,False,0.10278685445457947,222414.42178618308
20703,189981.6867364435,165435.70276487546,0.8707981574791468,0.05,0.13061972362187202,0.1,True,0.15000000000000002,161484.43372597697
20704,399380.7069117313,201073.06852755416,0.5034621478898682,0.05,0.07551932218348023,0.07551932218348023,False,0.12551932218348022,349250.71128701157
20705,272031.51334699406,162115.48290682418,0.5959437600159039,0.05,0.08939156400238558,0.08939156400238558,False,0.1393915640023856,234112.61524362073
20706,234163.7979759418,150602.7506307459,0.6431512980764813,0.05,0.0964726947114722,0.0964726947114722,False,0.1464726947114722,199865.1954825328
20707,288761.717532489,124171.74424479727,0.43001456462395,0.05,0.0645021846935925,0.0645021846935925,False,0.1145021846935925,255697.87001914493
20708,488273.31910683075,180081.34988224664,0.36881259498605967,0.05,0.05532188924790895,0.05532188924790895,False,0.10532188924790895,436847.4506691522
20709,190003.46591698032,67877.34590521155,0.3572426722724612,0.05,0.05358640084086918,0.05358640084086918,False,0.10358640084086917,170321.69073534958
20710,455478.48706658045,124984.05335608963,0.2744016609017581,0.05,0.04116024913526371,0.04116024913526371,False,0.09116024913526372,413956.954709838
20711,601469.9520551424,246648.02273151337,0.4100753859586004,0.05,0.06151130789379006,0.06151130789379006,False,0.11151130789379006,534399.2510426582
20712,272461.1078006272,25429.01414223516,0.09333080360534533,0.05,0.0139996205408018,0.0139996205408018,False,0.0639996205408018,255023.70028926057
20713,462066.4125153156,184216.58365009696,0.398679883801316,0.05,0.0598019825701974,0.0598019825701974,False,0.10980198257019741,411330.60434203525
20714,426220.02953795536,122115.76396965922,0.2865087408070406,0.05,0.042976311121056085,0.042976311121056085,False,0.09297631112105609,386591.6634656087
20715,379799.3220592466,121426.61502996524,0.31971256391822456,0.05,0.04795688458773368,0.04795688458773368,False,0.09795688458773369,342595.36370178947
20716,416905.7655178224,198508.76670796552,0.4761478087533894,0.05,0.0714221713130084,0.0714221713130084,False,0.1214221713130084,366284.1622357365
20717,243679.8033784866,143260.65064468162,0.5879053112258439,0.05,0.08818579668387658,0.08818579668387658,False,0.1381857966838766,210006.71561286002
20718,744916.9392749465,375318.03802784637,0.5038387748211988,0.05,0.07557581622317981,0.07557581622317981,False,0.12557581622317981,651373.3866070221
20719,398603.060287292,128812.49203310796,0.3231598170376984,0.05,0.04847397255565476,0.04847397255565476,False,0.09847397255565477,359351.03346796124
20720,538833.430691457,247251.18696809327,0.4588638582628562,0.05,0.06882957873942842,0.06882957873942842,False,0.11882957873942843,474804.0811116701
20721,361073.4974039266,133438.27506117482,0.3695598708312279,0.05,0.05543398062468418,0.05543398062468418,False,0.10543398062468418,323004.0812745541
20722,370139.5672619815,85903.53223354014,0.23208416454633823,0.05,0.03481262468195073,0.03481262468195073,False,0.08481262468195074,338747.05906385137
20723,615781.094377835,199580.42306144343,0.3241093708196627,0.05,0.0486164056229494,0.0486164056229494,False,0.0986164056229494,555054.9761997268
20724,295498.96019554784,113697.59498959014,0.38476478873005243,0.05,0.05771471830950786,0.05771471830950786,False,0.10771471830950786,263669.3729373319
20725,380090.9939226834,141903.6524343351,0.37334126486354097,0.05,0.056001189729531144,0.056001189729531144,False,0.10600118972953115,339800.896361399
20726,860376.0156393031,374347.14895538206,0.4350971460742349,0.05,0.06526457191113523,0.06526457191113523,False,0.11526457191113523,761205.1425140307
20727,536747.8063434608,196787.55445561057,0.3666294526589788,0.05,0.05499441789884681,0.05499441789884681,False,0.10499441789884681,480392.2828579462
20728,454502.46198890114,137909.62361526926,0.3034298714505907,0.05,0.0455144807175886,0.0455144807175886,False,0.09551448071758861,411090.8953471657
20729,301826.463830757,262246.5602663649,0.868865363685983,0.05,0.13032980455289744,0.1,True,0.15000000000000002,256552.49425614346
20730,636369.4967977818,304882.64418725274,0.47909688588379157,0.05,0.07186453288256874,0.07186453288256874,False,0.12186453288256874,558818.6253298048
20731,474735.9709678819,177808.94142757345,0.37454280337144086,0.05,0.056181420505716125,0.056181420505716125,False,0.10618142050571613,424327.8312053518
20732,351802.5289157695,137290.6699510655,0.39024924116999854,0.05,0.05853738617549978,0.05853738617549978,False,0.10853738617549978,313618.80197732116
20733,392650.515653457,117875.71840151952,0.300205179166385,0.05,0.04503077687495775,0.04503077687495775,False,0.09503077687495776,355336.63211055624
20734,1078895.3077028976,694657.1382552853,0.6438596342904641,0.05,0.09657894514356961,0.09657894514356961,False,0.14657894514356962,920751.9715794598
20735,929532.3056277967,470352.1872059761,0.5060095107596126,0.05,0.07590142661394189,0.07590142661394189,False,0.12590142661394188,812502.8622655105
20736,375176.5385029358,175256.45629255404,0.46713063933016336,0.05,0.0700695958995245,0.0700695958995245,False,0.1200695958995245,330129.2431339059
20737,504710.77691192465,208350.12641570618,0.4128109324126135,0.05,0.061921639861892024,0.061921639861892024,False,0.11192163986189202,448222.7191039725
20738,336913.8723656943,100258.49575318204,0.2975790075047996,0.05,0.04463685112571994,0.04463685112571994,False,0.09463685112571994,305029.4043844323
20739,388911.80752122105,100021.18518249318,0.25718217664819937,0.05,0.038577326497229905,0.038577326497229905,False,0.08857732649722991,354463.039367786
20740,274695.1702797508,142974.07393767417,0.5204826637179997,0.05,0.07807239955769994,0.07807239955769994,False,0.12807239955769995,239514.30067511208
20741,783543.3332453519,211509.44293503312,0.26993968803101653,0.05,0.04049095320465248,0.04049095320465248,False,0.09049095320465247,712639.7501428294
20742,411687.0959995176,155018.5231014153,0.3765445276467858,0.05,0.05648167914701787,0.05648167914701787,False,0.10648167914701787,367849.9627343294
20743,568242.4307668355,277155.5769406359,0.487741784024502,0.05,0.0731612676036753,0.0731612676036753,False,0.12316126760367531,498256.9726873983
20744,311369.1144259997,139282.33512284915,0.4473222573138388,0.05,0.06709833859707581,0.06709833859707581,False,0.11709833859707582,274908.3084362723
20745,522544.0530603743,203956.29350868717,0.3903140650327567,0.05,0.0585471097549135,0.0585471097549135,False,0.1085471097549135,465823.40638105245
20746,624578.1697266647,196814.87842353166,0.3151164865555005,0.05,0.04726747298332507,0.04726747298332507,False,0.09726747298332508,563827.0294768017
20747,1655999.2467065132,950317.8413411975,0.5738636918049389,0.05,0.08607955377074084,0.08607955377074084,False,0.13607955377074082,1430651.6081700078
20748,359652.28241017135,234671.27694250588,0.6524948913708579,0.05,0.09787423370562869,0.09787423370562869,False,0.1478742337056287,306468.9767482869
20749,459457.490779712,189579.13712145365,0.4126151840505041,0.05,0.06189227760757562,0.06189227760757562,False,0.11189227760757561,408047.7456725084
20750,1361519.3100521364,908262.2989414223,0.667094687703432,0.05,0.1000642031555148,0.1,True,0.15000000000000002,1157291.4135443158
20751,1616243.543698395,726883.2155968142,0.4497361913251713,0.05,0.06746042869877569,0.06746042869877569,False,0.1174604286987757,1426398.884173953
20752,408481.1781458544,164072.41477152996,0.4016645651000973,0.05,0.06024968476501459,0.06024968476501459,False,0.1102496847650146,363446.2570228322
20753,742304.8096587514,284152.79336721124,0.3827979957422619,0.05,0.05741969936133928,0.05741969936133928,False,0.10741969936133929,662566.650170732
20754,357787.1937141304,291499.7513082605,0.8147294157799478,0.05,0.12220941236699218,0.1,True,0.15000000000000002,304119.1146570108
20755,257177.7625109864,196669.18692770484,0.7647208102578593,0.05,0.11470812153867889,0.1,True,0.15000000000000002,218601.09813433842
20756,470737.56112097285,183314.0701257317,0.38941882965362645,0.05,0.058412824448043965,0.058412824448043965,False,0.10841282444804397,419703.57254606445
20757,292115.24881144264,203301.24523476552,0.6959624533876846,0.05,0.10439436800815269,0.1,True,0.15000000000000002,248297.96148972624
20758,830687.7209555713,394627.1077516435,0.47506072113078684,0.05,0.07125910816961803,0.07125910816961803,False,0.12125910816961803,729959.2687450462
20759,334409.98811809544,160558.78412831074,0.4801255639278636,0.05,0.07201883458917954,0.07201883458917954,False,0.12201883458917955,293605.67109294405
20760,369431.009233944,246931.90463913046,0.6684114177398671,0.05,0.10026171266098007,0.1,True,0.15000000000000002,314016.3578488524
20761,658594.2494878462,360951.55295166076,0.548063626781366,0.05,0.0822095440172049,0.0822095440172049,False,0.13220954401720492,571521.8040707047
20762,801313.8600184468,132310.06311778887,0.1651164040950733,0.05,0.024767460614260994,0.024767460614260994,False,0.074767460614261,741401.6575498561
20763,432295.1696872843,216101.16501815093,0.49989262006900337,0.05,0.07498389301035051,0.07498389301035051,False,0.12498389301035051,378265.2364501974
20764,646679.1368007219,306705.59768347745,0.4742778608891331,0.05,0.07114167913336997,0.07114167913336997,False,0.12114167913336997,568339.3403081641
20765,286875.801715782,103254.93929490025,0.3599290657397397,0.05,0.053989359860960956,0.053989359860960956,False,0.10398935986096096,257043.7707357579
20766,597088.9811709119,242889.4043331542,0.4067892927061554,0.05,0.061018393905923306,0.061018393905923306,False,0.1110183939059233,530801.1214623932
20767,584814.9093031908,263316.4051903585,0.4502559715929627,0.05,0.0675383957389444,0.0675383957389444,False,0.11753839573894441,516076.70305947744
20768,459714.3164850125,105821.68256031623,0.23019009581740144,0.05,0.03452851437261022,0.03452851437261022,False,0.08452851437261022,420855.3482767144
20769,313688.6705428249,203014.47961301787,0.6471846090638529,0.05,0.09707769135957793,0.09707769135957793,False,0.14707769135957793,267552.06507373095
20770,297594.6432695577,106359.1297714758,0.3573959820074347,0.05,0.053609397301115205,0.053609397301115205,False,0.10360939730111521,266761.04164035845
20771,813039.2967611216,395996.7037933066,0.4870572743172758,0.05,0.07305859114759136,0.07305859114759136,False,0.12305859114759136,712987.8263540695
20772,851439.4698281602,196270.7482948139,0.23051638460503338,0.05,0.03457745769075501,0.03457745769075501,False,0.084577457690755,779426.8840925301
20773,370676.449609607,99957.80025716801,0.26966320725916804,0.05,0.0404494810888752,0.0404494810888752,False,0.09044948108887521,337148.95709055144
20774,749422.7183250383,171026.1222381869,0.22821048529250715,0.05,0.03423157279387607,0.03423157279387607,False,0.08423157279387608,686297.6640730584
20775,346511.19186224573,144198.65931377537,0.4161443055816247,0.05,0.0624216458372437,0.0624216458372437,False,0.1124216458372437,307555.83337206714
20776,498188.7109059866,277467.72814787424,0.5569530623110311,0.05,0.08354295934665466,0.08354295934665466,False,0.13354295934665467,431659.11613850616
20777,397514.4920211709,139053.16485291166,0.3498065294321545,0.05,0.05247097941482318,0.05247097941482318,False,0.10247097941482318,356780.7926921756
20778,237722.9688709307,109339.20014751298,0.4599437768542997,0.05,0.06899156652814495,0.06899156652814495,False,0.11899156652814495,209435.94040525722
20779,477865.6235431199,226790.8757884765,0.4745913173392607,0.05,0.0711886976008891,0.0711886976008891,False,0.1211886976008891,419953.71099769237
20780,262862.7570439684,88030.23052282503,0.33489046342194617,0.05,0.05023356951329192,0.05023356951329192,False,0.10023356951329193,236515.08461334626
20781,272448.01437862334,226199.38814807305,0.8302478866068073,0.05,0.12453718299102108,0.1,True,0.15000000000000002,231580.81222182984
20782,420955.5893377735,192386.9715332532,0.4570243902353378,0.05,0.06855365853530067,0.06855365853530067,False,0.11855365853530067,371049.76414089685
20783,221681.79440617393,148301.46341561415,0.6689835031914732,0.05,0.10034752547872097,0.1,True,0.15000000000000002,188429.52524524785
20784,450609.98153467133,140383.43054014217,0.3115408807901443,0.05,0.046731132118521646,0.046731132118521646,False,0.09673113211852165,407021.9678769164
20785,607471.6041484321,215264.0451854883,0.35436067087818934,0.05,0.0531541006317284,0.0531541006317284,False,0.1031541006317284,544808.4171631873
20786,246225.90561108588,186822.81376328942,0.7587455645645031,0.05,0.11381183468467547,0.1,True,0.15000000000000002,209292.019769423
20787,412517.4762732934,66513.37010722468,0.16123770248017197,0.05,0.024185655372025796,0.024185655372025796,False,0.0741856553720258,381914.596943545
20788,378676.49835612864,134554.96545029845,0.3553295914439227,0.05,0.0532994387165884,0.0532994387165884,False,0.1032994387165884,339559.42862077744
20789,711811.7156281938,701332.8266337127,0.985278566277554,0.05,0.1477917849416331,0.1,True,0.15000000000000002,605039.9582839648
20790,743370.207358275,126609.40043803013,0.17031809882180202,0.05,0.025547714823270302,0.025547714823270302,False,0.0755477148232703,687210.2869246567
20791,414171.37324427586,247871.22672646702,0.5984750341020648,0.05,0.08977125511530971,0.08977125511530971,False,0.13977125511530972,356282.120573092
20792,296189.94845953956,99961.74569276761,0.33749202568372333,0.05,0.0506238038525585,0.0506238038525585,False,0.10062380385255851,266386.18918264745
20793,558936.8064708262,262547.2757528852,0.4697262243483851,0.05,0.07045893365225776,0.07045893365225776,False,0.12045893365225777,491607.874784352
20794,203325.94857903532,107204.83779327414,0.5272560563100105,0.05,0.07908840844650157,0.07908840844650157,False,0.12908840844650157,177078.92548109242
20795,563283.82179476,206893.20379933232,0.36729832420913494,0.05,0.05509474863137024,0.05509474863137024,False,0.10509474863137025,504085.6501351221
20796,318867.1336387493,209511.4501520971,0.6570493727630664,0.05,0.09855740591445995,0.09855740591445995,False,0.14855740591445996,271497.05943399726
20797,350598.35936077125,209040.5411707469,0.5962393593395025,0.05,0.08943590390092536,0.08943590390092536,False,0.13943590390092536,301712.3602171206
20798,391220.34762218397,210001.50010944082,0.5367857305628875,0.05,0.08051785958443312,0.08051785958443312,False,0.13051785958443313,340159.1052246586
20799,301056.8344514715,154130.0716054918,0.5119633702596996,0.05,0.07679450553895494,0.07679450553895494,False,0.12679450553895494,262884.48198807414
20800,506338.2883931143,185667.5682271825,0.36668680303914264,0.05,0.055003020455871396,0.055003020455871396,False,0.1050030204558714,453171.2387393812
20801,538463.9905758069,261404.6979223814,0.48546365680432607,0.05,0.07281954852064891,0.07281954852064891,False,0.12281954852064891,472330.0863586594
20802,294721.27545323933,125026.69766997767,0.42422012960450317,0.05,0.06363301944067547,0.06363301944067547,False,0.11363301944067547,261231.2070300807
20803,435896.40895991516,209037.4453912517,0.4795576221653955,0.05,0.07193364332480932,0.07193364332480932,False,0.12193364332480933,382745.9717032317
20804,633784.3281600171,224965.3755592265,0.35495572478470544,0.05,0.053243358717705816,0.053243358717705816,False,0.10324335871770582,568350.3054181323
20805,445757.79462347063,166223.51753302902,0.37290097792555077,0.05,0.055935146688832614,0.055935146688832614,False,0.10593514668883261,398536.3772623427
20806,650832.9889809303,371612.81420637795,0.5709802983223802,0.05,0.08564704474835702,0.08564704474835702,False,0.13564704474835704,562549.417400927
20807,640505.4028178501,250904.8234442356,0.391729441063886,0.05,0.0587594161595829,0.0587594161595829,False,0.1087594161595829,570844.4091603223
20808,584688.6797220601,143467.9711164108,0.24537497661937,0.05,0.036806246492905495,0.036806246492905495,False,0.0868062464929055,533934.0500684954
20809,233519.93415862735,278607.31672255404,1.1930772322558953,0.05,0.17896158483838429,0.1,True,0.15000000000000002,198491.94403483326
20810,847747.3053095951,186543.4170200131,0.22004601589607875,0.05,0.03300690238441181,0.03300690238441181,False,0.08300690238441182,777378.4274911134
20811,341960.77475521143,96219.01609045028,0.2813744241845502,0.05,0.04220616362768253,0.04220616362768253,False,0.09220616362768252,310429.8836038833
20812,396303.71752985887,154882.66920441028,0.39081810831799957,0.05,0.058622716247699935,0.058622716247699935,False,0.10862271624769994,353256.1312727044
20813,470137.1200208201,371667.21887436043,0.7905506777637576,0.05,0.11858260166456364,0.1,True,0.15000000000000002,399616.5520176971
20814,344428.29513881257,89074.66912760609,0.258616003344635,0.05,0.03879240050169525,0.03879240050169525,False,0.08879240050169526,313845.68001273106
20815,339023.4108636888,129418.34735173214,0.38173867409931583,0.05,0.05726080111489737,0.05726080111489737,False,0.10726080111489737,302659.48821774457
20816,407611.51673524926,93407.58102575253,0.2291583460985043,0.05,0.034373751914775645,0.034373751914775645,False,0.08437375191477564,373219.80374462396
20817,673281.2276147163,105961.13999257446,0.15738020851698317,0.05,0.023607031277547475,0.023607031277547475,False,0.07360703127754747,623722.9952350943
20818,407327.4379492377,170499.3266400352,0.41858050981894157,0.05,0.06278707647284124,0.06278707647284124,False,0.11278707647284124,361386.1670557705
20819,285032.61234833224,165864.6106946729,0.581914502092039,0.05,0.08728717531380585,0.08728717531380585,False,0.13728717531380585,245901.29012671468
20820,583554.7646955525,61304.51804033585,0.10505358151315781,0.05,0.01575803722697367,0.01575803722697367,False,0.06575803722697368,545181.3487547245
20821,280656.3358702039,314391.77036666183,1.1202019344828176,0.05,0.16803029017242263,0.1,True,0.15000000000000002,238557.88548967332
20822,450435.4377216267,197624.28594663215,0.43874053725933926,0.05,0.06581108058890088,0.06581108058890088,False,0.11581108058890088,398270.02294355055
20823,1094165.4822282272,888094.4080810718,0.811663703987902,0.05,0.12174955559818529,0.1,True,0.15000000000000002,930040.659893993
20824,722521.5009404158,308992.11541259347,0.4276580212636124,0.05,0.06414870318954186,0.06414870318954186,False,0.11414870318954186,640046.608581506
20825,336817.09151911875,261985.65154603426,0.7778276641616424,0.05,0.11667414962424635,0.1,True,0.15000000000000002,286294.5277912509
20826,543501.4486629575,181706.68597254204,0.3343260379885834,0.05,0.05014890569828751,0.05014890569828751,False,0.10014890569828752,489070.37333392835
20827,280355.87060943403,120512.99931415616,0.429857234850073,0.05,0.06447858522751095,0.06447858522751095,False,0.11447858522751095,248261.1271818389
20828,706033.4165070488,310829.7142542071,0.44024787918958774,0.05,0.06603718187843816,0.06603718187843816,False,0.11603718187843816,624107.2885435653
20829,599494.7225061425,330775.81777163316,0.5517576808497159,0.05,0.08276365212745738,0.08276365212745738,False,0.1327636521274574,519903.6137150904
20830,971321.5089161417,575807.1309734393,0.5928079690276385,0.05,0.08892119535414578,0.08892119535414578,False,0.13892119535414577,836384.3638243186
20831,214264.68470991467,132461.73269361106,0.6182154230079786,0.05,0.09273231345119679,0.09273231345119679,False,0.1427323134511968,183682.19057037725
20832,513982.1936578666,413120.80745270534,0.8037648240547806,0.05,0.12056472360821707,0.1,True,0.15000000000000002,436884.8646091866
20833,237442.8361803899,63114.84632410025,0.26581069927984974,0.05,0.03987160489197746,0.03987160489197746,False,0.08987160489197746,216103.46742275538
20834,330280.8401246548,124309.72844307718,0.376375839410364,0.05,0.0564563759115546,0.0564563759115546,False,0.1064563759115546,295120.3388519605
20835,719168.940756725,178936.55892234575,0.24881018740056385,0.05,0.03732152811008457,0.03732152811008457,False,0.08732152811008458,656370.0098805369
20836,267536.77473911946,110032.79315887424,0.4112810033916625,0.05,0.06169215050874938,0.06169215050874938,False,0.11169215050874938,237655.01702833234
20837,221141.48029445857,133121.74139013368,0.6019754467270313,0.05,0.09029631700905469,0.09029631700905469,False,0.1402963170090547,190116.14507121558
20838,574793.3797960405,198141.50138618133,0.3447177861660303,0.05,0.05170766792490455,0.05170766792490455,False,0.10170766792490454,516332.4855983113
20839,292899.3746389603,63389.19916104109,0.21641971492488574,0.05,0.03246295723873286,0.03246295723873286,False,0.08246295723873287,268746.0260328561
20840,604219.9610808284,177381.15628622874,0.2935705003339006,0.05,0.04403557505008509,0.04403557505008509,False,0.09403557505008509,547401.7895838527
20841,315872.69181612245,79184.76690831629,0.250685700156732,0.05,0.0376028550235098,0.0376028550235098,False,0.08760285502350981,288201.34218906885
20842,349413.88285033865,216681.83126417213,0.620129427876744,0.05,0.09301941418151159,0.09301941418151159,False,0.1430194141815116,299440.91401819594
20843,357052.7353301694,103112.15575614321,0.2887869089163947,0.05,0.043318036337459204,0.043318036337459204,False,0.0933180363374592,323733.27520023944
20844,759778.7387914015,306644.0391246396,0.4035964991760966,0.05,0.060539474876414485,0.060539474876414485,False,0.1105394748764145,675793.1959831355
20845,562855.4555236333,245570.64298842172,0.43629432846122723,0.05,0.06544414926918408,0.06544414926918408,False,0.11544414926918409,497877.0862991883
20846,1077041.806398061,1109274.8021007571,1.0299273394135855,0.05,0.15448910091203782,0.1,True,0.15000000000000002,915485.5354383519
20847,352500.58555905987,51095.18843388226,0.14495064838784924,0.05,0.021742597258177385,0.021742597258177385,False,0.07174259725817739,327211.27801602456
20848,605361.0599843423,155388.6655682847,0.2566875800903081,0.05,0.03850313701354622,0.03850313701354622,False,0.08850313701354623,551784.7071498825
20849,500713.06416894007,95663.18020862743,0.19105389304631917,0.05,0.028658083956947876,0.028658083956947876,False,0.07865808395694787,461327.93392919895
20850,623318.1647505647,270882.54809563176,0.43458150815167035,0.05,0.06518722622275056,0.06518722622275056,False,0.11518722622275056,551519.8742986917
20851,778826.7596149875,342353.662556748,0.4395761423580134,0.05,0.06593642135370201,0.06593642135370201,False,0.11593642135370201,688532.372250726
20852,241311.8677264166,116040.20371760079,0.48087234503178056,0.05,0.07213085175476708,0.07213085175476708,False,0.12213085175476708,211840.24378245563
20853,385607.9073819754,181635.24646130955,0.4710361042502828,0.05,0.07065541563754242,0.07065541563754242,False,0.12065541563754242,339082.22504368017
20854,406199.42388618435,158638.3338356355,0.39054298087848943,0.05,0.05858144713177341,0.05858144713177341,False,0.10858144713177342,362093.7026165298
20855,284242.8285537564,95119.97374271686,0.33464335486208274,0.05,0.05019650322931241,0.05019650322931241,False,0.10019650322931242,255762.69106466108
20856,592087.6225815031,364700.6766248756,0.6159572717206618,0.05,0.09239359075809928,0.09239359075809928,False,0.14239359075809926,507778.1399586966
20857,364027.5670796942,133247.21365679114,0.36603605250483734,0.05,0.0549054078757256,0.0549054078757256,False,0.10490540787572561,325839.1066771908
20858,891215.1643303791,504437.7174450096,0.5660111470657285,0.05,0.08490167205985928,0.08490167205985928,False,0.13490167205985928,770988.7484971087
20859,604965.6643882747,338324.2109925401,0.5592453107808104,0.05,0.08388679661712156,0.08388679661712156,False,0.13388679661712155,523968.74951997993
20860,207082.88118522818,148746.47453649918,0.7182944031160684,0.05,0.10774416046741025,0.1,True,0.15000000000000002,176020.44900744394
20861,958799.9871490094,489401.316747054,0.5104310839659982,0.05,0.07656466259489973,0.07656466259489973,False,0.12656466259489974,837449.7902795008
20862,581460.4443448873,147118.08917334856,0.2530147847616733,0.05,0.03795221771425099,0.03795221771425099,False,0.08795221771425099,530319.7087516406
20863,1086443.9561585411,497480.7388155323,0.4578982063414752,0.05,0.06868473095122128,0.06868473095122128,False,0.11868473095122128,957499.6475282842
20864,1026380.8213021923,782409.4032643983,0.7622993210957879,0.05,0.11434489816436819,0.1,True,0.15000000000000002,872423.6981068634
20865,465904.0537416125,258782.45369368733,0.5554415155125619,0.05,0.08331622732688429,0.08331622732688429,False,0.1333162273268843,403791.48300047877
20866,402508.1905378169,298295.0935368823,0.7410907418761123,0.05,0.11116361128141684,0.1,True,0.15000000000000002,342131.9619571444
20867,571128.5683178483,301422.552122421,0.5277665465241993,0.05,0.0791649819786299,0.0791649819786299,False,0.1291649819786299,497358.7570835927
20868,249597.49387517315,197862.8692280741,0.7927277880723747,0.05,0.11890916821085619,0.1,True,0.15000000000000002,212157.86979389717
20869,304178.8879435805,71456.31777652429,0.23491544156666816,0.05,0.035237316235000225,0.035237316235000225,False,0.08523731623500022,278251.4958799229
20870,408557.75480134785,219128.88254159404,0.5363473828764812,0.05,0.08045210743147217,0.08045210743147217,False,0.13045210743147218,355260.53468004137
20871,308496.30672015727,101796.69729474999,0.3299770372521564,0.05,0.049496555587823454,0.049496555587823454,False,0.09949655558782346,277801.9867899369
20872,534750.1863884788,285721.58874412894,0.5343085351195397,0.05,0.08014628026793096,0.08014628026793096,False,0.13014628026793096,465154.43875743554
20873,496077.9847252274,275219.2190449061,0.5547902295993788,0.05,0.08321853443990683,0.08321853443990683,False,0.13321853443990683,429991.2026322301
20874,556255.4954304475,250209.33514177962,0.4498100912210494,0.05,0.06747151368315742,0.06747151368315742,False,0.11747151368315742,490911.3203876582
20875,1611086.417484485,918537.2083888496,0.5701352816461785,0.05,0.08552029224692678,0.08552029224692678,False,0.1355202922469268,1392751.5153519334
20876,229616.2473800821,100339.86793849882,0.436989407689461,0.05,0.06554841115341914,0.06554841115341914,False,0.11554841115341914,203084.45482030316
20877,475881.38539824414,144614.27355835174,0.3038872248329916,0.05,0.045583083724948736,0.045583083724948736,False,0.09558308372494874,430395.1750945792
20878,294594.93925348815,194353.22780138557,0.6597303683962872,0.05,0.09895955525944307,0.09895955525944307,False,0.14895955525944307,250712.2081206059
20879,190113.823763691,140883.6877753449,0.7410491514307844,0.05,0.11115737271461766,0.1,True,0.15000000000000002,161596.75019913734
20880,693132.3191357504,297235.18821628066,0.42882892632520136,0.05,0.0643243389487802,0.0643243389487802,False,0.1143243389487802,613890.4249465207
20881,245845.44984179112,171269.23875141382,0.6966540924862782,0.05,0.10449811387294172,0.1,True,0.15000000000000002,208968.63236552244
20882,296818.8337409323,151965.9714010025,0.5119822400947797,0.05,0.07679733601421694,0.07679733601421694,False,0.12679733601421694,259182.9963437353
20883,463942.15181599866,169024.11047919182,0.364321521158585,0.05,0.05464822817378775,0.05464822817378775,False,0.10464822817378774,415391.42765331996
20884,348520.815802301,170824.96100996906,0.49014277846425625,0.05,0.07352141676963843,0.07352141676963843,False,0.12352141676963843,305471.0308606906
20885,429701.38059873733,123749.24010745296,0.2879889283460603,0.05,0.043198339251909045,0.043198339251909045,False,0.09319833925190904,389653.92555268254
20886,407380.1910464778,146179.62295307638,0.3588285001722109,0.05,0.05382427502583163,0.05382427502583163,False,0.10382427502583164,365084.2380511925
20887,304406.82766125124,80334.7477779109,0.2639058670106726,0.05,0.03958588005160089,0.03958588005160089,False,0.0895858800516009,277136.27411150205
20888,537861.5809905933,140365.9775662953,0.2609704476526837,0.05,0.03914556714790255,0.03914556714790255,False,0.08914556714790256,489913.6053061193
20889,361047.9744623339,68622.83471441682,0.19006569643995014,0.05,0.02850985446599252,0.02850985446599252,False,0.07850985446599253,332702.15053205466
20890,1198505.4076568533,597151.453769729,0.4982467746534363,0.05,0.07473701619801544,0.07473701619801544,False,0.12473701619801544,1049007.4192085513
20891,540387.067860277,282328.32007788937,0.5224557301043489,0.05,0.07836835951565232,0.07836835951565232,False,0.12836835951565234,471018.46645557974
20892,372412.35813542875,98805.69554351812,0.26531261217595564,0.05,0.039796891826393344,0.039796891826393344,False,0.08979689182639335,338970.8858971296
20893,339118.41060992907,221362.71412102232,0.6527593524718561,0.05,0.09791390287077842,0.09791390287077842,False,0.14791390287077844,288958.08296127926
20894,197509.4104108594,65604.31037234812,0.33215789686110614,0.05,0.04982368452916592,0.04982368452916592,False,0.09982368452916593,177793.2933344642
20895,458238.50471570704,103690.42673984222,0.22628047550079225,0.05,0.03394207132511884,0.03394207132511884,False,0.08394207132511884,419773.0154689453
20896,717423.2597363158,201986.36276845704,0.28154420703155875,0.05,0.04223163105473381,0.04223163105473381,False,0.09223163105473381,651254.1423342315
20897,266423.96096793446,64636.64958741999,0.24260824496637282,0.05,0.036391236744955924,0.036391236744955924,False,0.08639123674495593,243407.26548142472
20898,184753.25286657218,200991.99042178187,1.0878941902416042,0.05,0.16318412853624062,0.1,True,0.15000000000000002,157040.26493658635
20899,472711.5435054092,259514.90616854874,0.5489921067806103,0.05,0.08234881601709154,0.08234881601709154,False,0.13234881601709153,410148.73040485644
20900,547908.7569526869,135888.35892943433,0.24801275249770935,0.05,0.0372019128746564,0.0372019128746564,False,0.0872019128746564,500130.0652656374
20901,356071.02288260177,194500.8676919063,0.546241775355121,0.05,0.08193626630326814,0.08193626630326814,False,0.13193626630326816,309092.3415846857
20902,393988.4932359791,133495.03661596618,0.33882978540697994,0.05,0.05082446781104699,0.05082446781104699,False,0.100824467811047,354264.8130817852
20903,851704.8862902976,265128.41760383814,0.3112914131074634,0.05,0.04669371196611951,0.04669371196611951,False,0.0966937119661195,769350.3793352069
20904,260659.47672866663,22869.72014276855,0.08773791933363995,0.05,0.013160687900045992,0.013160687900045992,False,0.06316068790004599,244196.044870818
20905,1222896.9124988434,557926.0904546275,0.45623313359633266,0.05,0.0684349700394499,0.0684349700394499,False,0.1184349700394499,1078063.153305707
20906,438809.0319348241,366667.93319152365,0.8355979629106279,0.05,0.12533969443659418,0.1,True,0.15000000000000002,372987.6771446004
20907,425487.06716375944,220060.11776905518,0.51719578514089,0.05,0.0775793677711335,0.0775793677711335,False,0.1275793677711335,371203.69614021323
20908,379419.0868455884,182506.1274593934,0.48101461889203173,0.05,0.07215219283380475,0.07215219283380475,False,0.12215219283380475,333072.2133844
20909,315562.07799192646,201860.92799444025,0.639686901794343,0.05,0.09595303526915144,0.09595303526915144,False,0.14595303526915143,269504.8348931641
20910,420431.36350739445,306576.4283240911,0.7291949529324281,0.05,0.10937924293986422,0.1,True,0.15000000000000002,357366.6589812853
20911,216133.76361695555,166099.6037683451,0.768503731155657,0.05,0.11527555967334854,0.1,True,0.15000000000000002,183713.6990744122
20912,624432.2073682591,243620.45306202874,0.39014716119271775,0.05,0.05852207417890766,0.05852207417890766,False,0.10852207417890766,556667.5290405418
20913,238060.3494731936,93494.57066434811,0.3927347450814186,0.05,0.05891021176221278,0.05891021176221278,False,0.10891021176221279,212133.1463998817
20914,180121.87354227065,126706.98799543806,0.703451421549325,0.05,0.10551771323239875,0.1,True,0.15000000000000002,153103.59251093006
20915,698662.4890710708,236171.28106744017,0.3380334349729428,0.05,0.05070501524594142,0.05070501524594142,False,0.10070501524594141,628303.6724574012
20916,364060.4320517803,68729.5816610023,0.1887861893522856,0.05,0.02831792840284284,0.02831792840284284,False,0.07831792840284285,335547.9732000409
20917,572798.1175362978,173542.708605339,0.30297360150514413,0.05,0.04544604022577162,0.04544604022577162,False,0.09544604022577162,518126.805368682
20918,188875.69346129269,112118.58819671159,0.5936104648621113,0.05,0.08904156972931669,0.08904156972931669,False,0.1390415697293167,162614.1205587213
20919,252933.2117890626,92104.37246033628,0.3641450318400578,0.05,0.05462175477600867,0.05462175477600867,False,0.10462175477600867,226470.89533055903
20920,294811.39587103546,86084.79815890532,0.2919995609551094,0.05,0.04379993414326641,0.04379993414326641,False,0.09379993414326641,267158.1063536479
20921,307781.4572341249,93015.09576705797,0.30221149968856875,0.05,0.04533172495328531,0.04533172495328531,False,0.09533172495328532,278440.12000735995
20922,711268.0586476347,132468.0978438618,0.1862421575569262,0.05,0.02793632363353893,0.02793632363353893,False,0.07793632363353893,655834.4410386736
20923,480080.69870338624,249825.48014713568,0.5203822624443567,0.05,0.0780573393666535,0.0780573393666535,False,0.1280573393666535,418602.84174614656
20924,298866.2042832066,352887.484224492,1.1807540604025426,0.05,0.17711310906038139,0.1,True,0.15000000000000002,254036.27364072562
20925,283605.0386412175,52551.88697280933,0.18529955329634168,0.05,0.027794932994451252,0.027794932994451252,False,0.07779493299445125,261542.00366323523
20926,704704.086192982,119691.54650501884,0.1698465339567245,0.05,0.025476980093508673,0.025476980093508673,False,0.07547698009350867,651515.1499075801
20927,251336.92419710843,97601.81989256945,0.38833060523978646,0.05,0.05824959078596797,0.05824959078596797,False,0.10824959078596796,224129.8050033676
20928,432826.2402498941,154751.10427747865,0.3575363272525539,0.05,0.053630449087883086,0.053630449087883086,False,0.10363044908788309,387972.2625957776
20929,267298.34517550626,162624.75167398405,0.6084016403738144,0.05,0.09126024605607215,0.09126024605607215,False,0.14126024605607215,229539.71516563333
20930,211304.77970327367,261913.64735879702,1.2395064973286039,0.05,0.18592597459929058,0.1,True,0.15000000000000002,179609.06274778262
20931,313502.58462238725,176381.83631326363,0.5626168489989163,0.05,0.08439252734983745,0.08439252734983745,False,0.13439252734983745,271370.1799442783
20932,289695.9810785872,178870.00149337258,0.6174403967476845,0.05,0.09261605951215267,0.09261605951215267,False,0.14261605951215267,248380.68180065195
20933,241108.58313633228,144679.34901639092,0.600058891037419,0.05,0.09000883365561285,0.09000883365561285,False,0.14000883365561284,207351.25162705703
20934,1026030.4105341953,388095.82338553085,0.3782498251523282,0.05,0.056737473772849226,0.056737473772849226,False,0.10673747377284923,916514.5164996558
20935,988275.8567881937,153848.11002615863,0.15567324545006184,0.05,0.023350986817509276,0.023350986817509276,False,0.07335098681750928,915784.8474448601
20936,1116316.6402030364,522403.64795018313,0.46797085086465073,0.05,0.07019562762969761,0.07019562762969761,False,0.12019562762969761,982140.2610003571
20937,575290.4914181873,152181.53257497662,0.26452989375823627,0.05,0.03967948406373544,0.03967948406373544,False,0.08967948406373544,523698.73696103145
20938,296377.3312387162,87592.15119762454,0.29554268145789364,0.05,0.04433140221868404,0.04433140221868404,False,0.09433140221868405,268419.6419971367
20939,614047.3948620253,216051.56605657586,0.3518483554597964,0.05,0.052777253318969465,0.052777253318969465,False,0.10277725331896947,550937.2902104376
20940,199211.2537324021,82888.34158369119,0.4160826260098439,0.05,0.062412393901476584,0.062412393901476584,False,0.11241239390147659,176817.43980822832
20941,763601.0050893929,365738.88626155315,0.4789659571214642,0.05,0.07184489356821963,0.07184489356821963,False,0.12184489356821963,670560.1218956903
20942,252103.83706597608,272000.1149105802,1.0789209639811919,0.05,0.16183814459717877,0.1,True,0.15000000000000002,214288.26150607967
20943,375169.7558584638,118952.55122269946,0.3170632743316745,0.05,0.04755949114975118,0.04755949114975118,False,0.09755949114975118,338568.3853821357
20944,459407.63687605044,145036.1146330469,0.31570244591336233,0.05,0.04735536688700435,0.04735536688700435,False,0.09735536688700436,414681.83783729083
20945,478913.0796136737,148766.3410355749,0.31063328058523837,0.05,0.04659499208778575,0.04659499208778575,False,0.09659499208778576,432652.47447765374
20946,232882.8443698219,85894.84014562605,0.3688328368629146,0.05,0.05532492552943719,0.05532492552943719,False,0.1053249255294372,208354.4761294869
20947,560365.0654535453,204190.97242470086,0.3643891902137651,0.05,0.05465837853206476,0.05465837853206476,False,0.10465837853206476,501718.1663171629
20948,340934.8349360517,96522.82558848575,0.2831122422752439,0.05,0.04246683634128658,0.04246683634128658,False,0.09246683634128658,309409.66935097624
20949,586673.6399135604,213868.80484900338,0.36454476611649794,0.05,0.05468171491747469,0.05468171491747469,False,0.10468171491747469,525259.6371905318
20950,353826.5968847228,89628.72054308187,0.25331255855896845,0.05,0.03799688378384527,0.03799688378384527,False,0.08799688378384526,322690.9589590244
20951,239918.03809082168,121644.17349740933,0.5070238755927162,0.05,0.07605358133890743,0.07605358133890743,False,0.12605358133890743,209675.5101616692
20952,709018.1548903743,229077.05541812524,0.32309053560630513,0.05,0.04846358034094577,0.04846358034094577,False,0.09846358034094577,639205.6888331368
20953,389919.762966981,103735.25406428607,0.26604256546255267,0.05,0.0399063848193829,0.0399063848193829,False,0.0899063848193829,354863.486708989
20954,340847.75850269076,68982.96813106159,0.20238645087207463,0.05,0.030357967630811195,0.030357967630811195,False,0.0803579676308112,313457.925357897
20955,360108.9926821552,143231.4575122826,0.397744739573065,0.05,0.05966171093595975,0.05966171093595975,False,0.10966171093595975,320618.82442120503
20956,848981.7642673772,501318.3773679929,0.5904936931131872,0.05,0.08857405396697808,0.08857405396697808,False,0.13857405396697808,731334.9194488095
20957,652471.2574442873,272279.8080424784,0.4173054443945795,0.05,0.06259581665918693,0.06259581665918693,False,0.11259581665918693,579005.7233657012
20958,449199.5633941222,126630.0980737913,0.2819016499414707,0.05,0.042285247491220604,0.042285247491220604,False,0.0922852474912206,407745.0705133474
20959,194012.2601893414,230396.49462339317,1.1875357485065299,0.05,0.17813036227597948,0.1,True,0.15000000000000002,164910.4211609402
20960,1306585.0769321446,463381.11040026706,0.35465054559499765,0.05,0.05319758183924964,0.05319758183924964,False,0.10319758183924965,1171748.6565254973
20961,447008.3515442731,355017.86865996046,0.7942085811897821,0.05,0.11913128717846731,0.1,True,0.15000000000000002,379957.0988126321
20962,638580.6585595649,242970.16851540527,0.38048469720875794,0.05,0.05707270458131369,0.05707270458131369,False,0.10707270458131368,570206.1003542758
20963,256124.32398969406,141138.60380461224,0.5510550564119454,0.05,0.08265825846179181,0.08265825846179181,False,0.1326582584617918,222147.3172195175
20964,275926.0544901114,97426.9557678237,0.3530908161168784,0.05,0.05296362241753176,0.05296362241753176,False,0.10296362241753176,247515.70840043228
20965,208043.09192128963,142452.43938140353,0.6847256405672847,0.05,0.1027088460850927,0.1,True,0.15000000000000002,176836.62813309618
20966,372632.37349826936,113761.94087196776,0.30529269318167845,0.05,0.04579390397725177,0.04579390397725177,False,0.09579390397725177,336936.46369256073
20967,653543.054428621,285153.78698972746,0.43631981865224084,0.05,0.06544797279783612,0.06544797279783612,False,0.11544797279783613,578092.8336587307
20968,923931.0883261508,496301.79618525726,0.5371632175343157,0.05,0.08057448263014735,0.08057448263014735,False,0.13057448263014737,803289.2644820546
20969,1603881.8889336213,937429.1326381734,0.5844751656005326,0.05,0.08767127484007989,0.08767127484007989,False,0.1376712748400799,1383073.4245912142
20970,397613.1585181621,122085.21240388823,0.3070452015694839,0.05,0.04605678023542258,0.04605678023542258,False,0.09605678023542258,359419.71873167076
20971,797625.1286155801,195013.21857510798,0.24449232048843297,0.05,0.036673848073264945,0.036673848073264945,False,0.08667384807326495,728491.8893985349
20972,724313.9348686626,106934.874375463,0.14763608599474637,0.05,0.022145412899211955,0.022145412899211955,False,0.07214541289921196,672058.00696891
20973,471235.3867515266,140740.25003569055,0.29866231185626174,0.05,0.04479934677843926,0.04479934677843926,False,0.09479934677843926,426562.5799085967
20974,305012.8180176889,97934.27033585141,0.32108247440988463,0.05,0.04816237116148269,0.04816237116148269,False,0.09816237116148269,275072.03656642674
20975,360374.7963199178,146285.67125194048,0.40592647639563945,0.05,0.060888971459345916,0.060888971459345916,False,0.11088897145934593,320413.2058161308
20976,512146.08089864056,270753.59241216,0.5286647745836117,0.05,0.07929971618754175,0.07929971618754175,False,0.12929971618754177,445925.7379918845
20977,472433.52577291674,147725.74701913528,0.31269107495589166,0.05,0.04690366124338375,0.04690366124338375,False,0.09690366124338376,426652.9874314006
20978,310982.4156388122,183475.10115966562,0.5899854523374761,0.05,0.08849781785062141,0.08849781785062141,False,0.13849781785062143,267912.0296829217
20979,448026.728428435,79842.52498869016,0.17820928958581922,0.05,0.026731393437872883,0.026731393437872883,False,0.07673139343787289,413649.01325870975
20980,333906.4092652829,105664.96469145449,0.3164508429890769,0.05,0.047467626448361534,0.047467626448361534,False,0.09746762644836154,301361.34409830056
20981,257940.1375458552,76272.28787437183,0.2956976320167022,0.05,0.044354644802505325,0.044354644802505325,False,0.09435464480250533,233602.28748740666
20982,278932.0049589677,90494.55574859784,0.3244323137529881,0.05,0.04866484706294821,0.04866484706294821,False,0.09866484706294822,251411.22134872962
20983,595391.493444636,204837.73712637636,0.34403873649804456,0.05,0.051605810474706686,0.051605810474706686,False,0.10160581047470668,534896.2582034478
20984,477025.36783334543,192289.35113376728,0.4031008916929254,0.05,0.060465133753938805,0.060465133753938805,False,0.11046513375393881,424330.69677161303
20985,286539.7646196316,130240.61558140905,0.45452894035247604,0.05,0.0681793410528714,0.0681793410528714,False,0.11817934105287141,252676.68405143864
20986,259046.80314902667,79062.59420933199,0.30520582863108403,0.05,0.045780874294662606,0.045780874294662606,False,0.09578087429466262,234235.07386017553
20987,768864.341517747,164523.55023272464,0.21398254717854812,0.05,0.03209738207678221,0.03209738207678221,False,0.08209738207678222,705742.591906951
20988,612876.1018764651,263115.7447650677,0.42931310905985176,0.05,0.06439696635897776,0.06439696635897776,False,0.11439696635897777,542764.9350678817
20989,361325.30189576256,199583.6142484913,0.5523654535160908,0.05,0.08285481802741361,0.08285481802741361,False,0.1328548180274136,313321.49466370075
20990,295939.8246858467,65117.178070747934,0.2200351985065637,0.05,0.03300527977598455,0.03300527977598455,False,0.08300527977598456,271375.25674094213
20991,686721.7683934208,207473.92889865045,0.3021222545253426,0.05,0.04531833817880138,0.04531833817880138,False,0.09531833817880139,621264.5906389522
20992,297337.37544658245,194851.82953390246,0.6553223564351673,0.05,0.0982983534652751,0.0982983534652751,False,0.1482983534652751,253242.73224416794
20993,251040.82593764286,161680.44718506292,0.6440404527079728,0.05,0.09660606790619593,0.09660606790619593,False,0.14660606790619593,214236.7175630013
20994,331048.52575386997,145895.01774585154,0.4407058373500279,0.05,0.06610587560250418,0.06610587560250418,False,0.11610587560250418,292611.84680429875
20995,974308.7988757408,407046.1352439135,0.41777938956684557,0.05,0.06266690843502683,0.06266690843502683,False,0.11266690843502683,864536.4386453668
20996,576711.085516884,221239.06785722857,0.38362201354069775,0.05,0.05754330203110466,0.05754330203110466,False,0.10754330203110465,514689.6710624555
20997,343911.1198468085,236903.59797053406,0.6888512301552221,0.05,0.10332768452328331,0.1,True,0.15000000000000002,292324.4518697872
20998,856761.769229908,430497.10351300496,0.502470020225054,0.05,0.0753705030337581,0.0753705030337581,False,0.1253705030337581,749349.1152414619
20999,423671.26715189114,173261.4366761985,0.4089525302032867,0.05,0.061342879530493,0.061342879530493,False,0.111342879530493,376498.4882928668
21000,244523.72812101967,177035.1692419959,0.7239999594410635,0.05,0.10859999391615953,0.1,True,0.15000000000000002,207845.16890286672
21001,279459.582436953,93769.99011770354,0.33554043593713007,0.05,0.05033106539056951,0.05033106539056951,False,0.10033106539056952,251421.10479744978
21002,416563.55034825223,56927.68244859931,0.1366602584431765,0.05,0.020499038766476473,0.020499038766476473,False,0.07049903876647648,387196.2204635497
21003,534036.0104613716,280254.6521385049,0.5247860568360989,0.05,0.07871790852541484,0.07871790852541484,False,0.12871790852541484,465296.0121175273
21004,506654.1809306126,149104.66134461906,0.29429276803903304,0.05,0.04414391520585496,0.04414391520585496,False,0.09414391520585497,458955.7726823891
21005,380628.3497419109,208327.54583020607,0.5473253528578856,0.05,0.08209880292868284,0.08209880292868284,False,0.13209880292868284,330347.80038028443
21006,1374387.3841996775,1304722.7301511234,0.9493122136819375,0.05,0.14239683205229062,0.1,True,0.15000000000000002,1168229.276569726
21007,501615.7815914517,214097.54482466396,0.42681580740025205,0.05,0.0640223711100378,0.0640223711100378,False,0.11402237111003781,444420.36078817956
21008,654854.7067484679,412200.87009307294,0.6294539320634384,0.05,0.09441808980951576,0.09441808980951576,False,0.14441808980951576,560281.8408970835
21009,200007.29683829012,78087.8308010282,0.39042490966798965,0.05,0.058563736450198446,0.058563736450198446,False,0.10856373645019846,178293.7573762214
21010,252874.712878481,201973.13938883838,0.79870832907637,0.05,0.1198062493614555,0.1,True,0.15000000000000002,214943.50594670884
21011,516507.68008274207,258224.14009900438,0.49994249854646516,0.05,0.07499137478196977,0.07499137478196977,False,0.12499137478196977,451948.6750637543
21012,388685.8088119728,114940.1512582752,0.29571481297347196,0.05,0.04435722194602079,0.04435722194602079,False,0.0943572219460208,352010.49568263284
21013,555942.0969131263,215468.9138396323,0.38757438056233817,0.05,0.05813615708435072,0.05813615708435072,False,0.10813615708435073,495824.6549915251
21014,441363.24503191735,186858.88319049857,0.42336756695040567,0.05,0.06350513504256085,0.06350513504256085,False,0.11350513504256085,391266.2503017467
21015,472506.84133761027,260055.19970270537,0.5503734061638563,0.05,0.08255601092457844,0.08255601092457844,False,0.13255601092457844,409873.2193153239
21016,431626.1919754054,162033.35835684137,0.3754020524455899,0.05,0.05631030786683848,0.05631030786683848,False,0.10631030786683848,385739.8786231089
21017,744789.590708269,176055.19096788915,0.23638245373497604,0.05,0.03545736806024641,0.03545736806024641,False,0.08545736806024641,681141.8325276722
21018,1348999.2870834493,734692.5201668682,0.5446203917240617,0.05,0.08169305875860926,0.08169305875860926,False,0.13169305875860926,1171345.4447042467
21019,295296.43048227666,94531.49850478233,0.32012408125080943,0.05,0.048018612187621414,0.048018612187621414,False,0.09801861218762142,266351.8841824455
21020,359378.48261618114,76199.0853042237,0.21203018263507134,0.05,0.0318045273952607,0.0318045273952607,False,0.0818045273952607,329979.69568973855
21021,184616.2071808372,88128.95164151612,0.47736302780389767,0.05,0.07160445417058464,0.07160445417058464,False,0.12160445417058464,162166.05407556792
21022,565143.6260221587,177148.5484586617,0.31345757131783686,0.05,0.047018635697675525,0.047018635697675525,False,0.09701863569767552,510314.1624522515
21023,1633690.1364721186,692701.7930734358,0.4240105131376349,0.05,0.06360157697064522,0.06360157697064522,False,0.11360157697064523,1448100.3606874973
21024,186761.26913141587,106554.07500016649,0.5705362546299092,0.05,0.08558043819448638,0.08558043819448638,False,0.1355804381944864,161440.0944248201
21025,479363.34719854704,188080.3067376932,0.39235437552089775,0.05,0.05885315632813466,0.05885315632813466,False,0.10885315632813466,427183.1338279657
21026,1697490.423275615,935730.4438615269,0.5512434303198398,0.05,0.08268651454797597,0.08268651454797597,False,0.13268651454797598,1472256.3355326052
21027,357883.3770014973,88189.6034144566,0.24641994873678535,0.05,0.0369629923105178,0.0369629923105178,False,0.0869629923105178,326760.767639254
21028,261058.74714204186,226514.40283480592,0.8676759745252267,0.05,0.130151396178784,0.1,True,0.15000000000000002,221899.93507073558
21029,293550.6881165944,177597.30244469322,0.6049970571833712,0.05,0.09074955857750568,0.09074955857750568,False,0.14074955857750568,252233.55834406067
21030,919794.4283853674,384812.260249618,0.4183676790966521,0.05,0.06275515186449782,0.06275515186449782,False,0.11275515186449782,816082.8679286563
21031,225011.19964783234,137413.7165656999,0.6106972309856918,0.05,0.09160458464785377,0.09160458464785377,False,0.14160458464785378,193148.58218058574
21032,679038.9122234435,417069.013287064,0.6142048795427851,0.05,0.09213073193141777,0.09213073193141777,False,0.1421307319314178,582526.6146192118
21033,327828.4856499008,56852.140700567514,0.17342038044028257,0.05,0.026013057066042386,0.026013057066042386,False,0.07601305706604239,302909.2402623206
21034,846756.4868781962,433890.23063561774,0.5124144159028234,0.05,0.07686216238542351,0.07686216238542351,False,0.12686216238542353,739335.1279389437
21035,300141.84056336834,121581.22018893174,0.40507921175109385,0.05,0.060761881762664074,0.060761881762664074,False,0.11076188176266408,266897.56550686015
21036,490416.9873891898,355712.5055602607,0.7253266397927015,0.05,0.10879899596890523,0.1,True,0.15000000000000002,416854.4392808113
21037,280661.7099724929,104742.07466987177,0.3731968806152337,0.05,0.05597953209228505,0.05597953209228505,False,0.10597953209228506,250917.31327338747
21038,243979.32072708214,69660.49432893682,0.2855180271891149,0.05,0.04282770407836723,0.04282770407836723,False,0.09282770407836724,221331.2805413875
21039,426258.1782370276,107575.69387646014,0.2523721522983683,0.05,0.03785582284475524,0.03785582284475524,False,0.08785582284475524,388808.9152437072
21040,642095.1094811783,123422.34526478953,0.19221816743708964,0.05,0.028832725115563444,0.028832725115563444,False,0.07883272511556344,591477.002217401
21041,911687.7858884581,490010.4736149013,0.5374761855972175,0.05,0.08062142783958264,0.08062142783958264,False,0.13062142783958264,792601.8255518001
21042,362732.80854144576,344318.00636523025,0.9492331497383385,0.05,0.14238497246075077,0.1,True,0.15000000000000002,308322.88726022886
21043,588239.3884436149,145531.75129680935,0.24740225519726336,0.05,0.037110338279589504,0.037110338279589504,False,0.0871103382795895,536997.6563269128
21044,1182694.2441651132,1102619.1919670466,0.9322943756654594,0.05,0.1398441563498189,0.1,True,0.15000000000000002,1005290.1075403462
21045,412107.5996491179,102262.96450366668,0.24814627197056488,0.05,0.03722194079558473,0.03722194079558473,False,0.08722194079558473,376162.774991112
21046,519842.05324516253,223238.88752871542,0.42943599144225797,0.05,0.0644153987163387,0.0644153987163387,False,0.1144153987163387,460364.11745359714
21047,832576.0355960563,97730.96052849153,0.11738382604121456,0.05,0.017607573906182183,0.017607573906182183,False,0.06760757390618219,776287.5897369797
21048,235392.57796960126,160079.95109547727,0.6800552187170068,0.05,0.10200828280755102,0.1,True,0.15000000000000002,200083.69127416107
21049,594764.3381373433,201633.55181152507,0.3390141924833492,0.05,0.05085212887250238,0.05085212887250238,False,0.10085212887250239,534781.0884587474
21050,284460.53787142516,127901.69230433443,0.4496289476965884,0.05,0.06744434215448826,0.06744434215448826,False,0.11744434215448826,251052.25713220373
21051,334231.2866393244,102932.73201764922,0.3079685718612153,0.05,0.04619528577918229,0.04619528577918229,False,0.0961952857791823,302079.81250471075
21052,322823.70862813364,149209.5712669681,0.4622014036733753,0.05,0.0693302105510063,0.0693302105510063,False,0.1193302105510063,284301.08750668174
21053,1007136.817404709,1068412.9261861644,1.0608418913126,0.05,0.15912628369689,0.1,True,0.15000000000000002,856066.2947940027
21054,418857.60468183673,159259.24048735126,0.38022286979443576,0.05,0.05703343046916536,0.05703343046916536,False,0.10703343046916536,374025.8383746422
21055,343722.02743675094,164049.04125120185,0.4772724124623898,0.05,0.07159086186935847,0.07159086186935847,False,0.12159086186935847,301928.5698772331
21056,935986.3502435163,515685.1506013727,0.550953708317655,0.05,0.08264305624764824,0.08264305624764824,False,0.13264305624764824,811834.2601411345
21057,488169.9096742253,222028.73331578652,0.45481855582609526,0.05,0.06822278337391428,0.06822278337391428,False,0.11822278337391429,430457.1041931461
21058,289645.3054333625,146582.12989510383,0.5060745924253462,0.05,0.07591118886380194,0.07591118886380194,False,0.12591118886380193,253175.7206774288
21059,533050.7201568907,264906.4705734729,0.49696297285838775,0.05,0.07454444592875815,0.07454444592875815,False,0.12454444592875816,466662.21356302523
21060,569989.8345916827,214428.06154412602,0.3761962907597001,0.05,0.056429443613955015,0.056429443613955015,False,0.10642944361395501,509326.1336304796
21061,406962.2381531287,134761.3683054222,0.33113973649495015,0.05,0.04967096047424252,0.04967096047424252,False,0.09967096047424252,366399.92099965893
21062,214307.72648623463,127831.0667681873,0.5964837052965429,0.05,0.08947255579448143,0.08947255579448143,False,0.13947255579448142,184417.68014669482
21063,732358.410858257,306607.27276685694,0.41865740629310355,0.05,0.06279861094396554,0.06279861094396554,False,0.11279861094396554,649749.3994003156
21064,340546.32285380515,90818.91333289625,0.2666859315109515,0.05,0.040002889726642725,0.040002889726642725,False,0.09000288972664272,309896.16971118044
21065,612789.5455821711,335370.83893883706,0.5472855099383643,0.05,0.08209282649075465,0.08209282649075465,False,0.13209282649075466,531844.442462237
21066,696946.1846767653,321800.81147198065,0.4617297842318022,0.05,0.06925946763477032,0.06925946763477032,False,0.11925946763477033,613828.75372213
21067,441775.92213831574,196907.0408545739,0.44571700490486266,0.05,0.0668575507357294,0.0668575507357294,False,0.1168575507357294,390151.0699032138
21068,611946.6023164534,90992.10375144612,0.1486928817106035,0.05,0.02230393225659052,0.02230393225659052,False,0.07230393225659053,567700.4566379138
21069,415218.9980408426,225299.138462712,0.5426031552644677,0.05,0.08139047328967015,0.08139047328967015,False,0.13139047328967016,360663.17736939364
21070,988394.9909596514,734383.1460948375,0.7430057343591057,0.05,0.11145086015386585,0.1,True,0.15000000000000002,840135.7423157037
21071,408861.5635146754,235080.7706527008,0.5749642217084144,0.05,0.08624463325626217,0.08624463325626217,False,0.13624463325626218,353156.36974103656
21072,345947.90092883736,235563.6639601222,0.6809223681590669,0.05,0.10213835522386004,0.1,True,0.15000000000000002,294055.71578951174
21073,882316.4304132207,554584.0681782658,0.6285546194787895,0.05,0.09428319292181843,0.09428319292181843,False,0.14428319292181843,755012.9986658198
21074,193901.174749679,102734.34272550515,0.5298283667344065,0.05,0.07947425501016096,0.07947425501016096,False,0.12947425501016097,168795.96460336927
21075,604908.2082999797,229927.36857345916,0.38010290721569445,0.05,0.05701543608235417,0.05701543608235417,False,0.10701543608235417,540173.6925989618
21076,207034.99680435346,208647.41120903438,1.007788124856034,0.05,0.1511682187284051,0.1,True,0.15000000000000002,175979.74728370045
21077,467690.86440723075,368814.8449791954,0.7885868060447265,0.05,0.11828802090670898,0.1,True,0.15000000000000002,397537.23474614613
21078,253865.4996277834,98908.94577299542,0.3896116089741037,0.05,0.05844174134611555,0.05844174134611555,False,0.10844174134611556,226335.8827804449
21079,429934.4097273182,261428.67973292584,0.6080664255246154,0.05,0.09120996382869231,0.09120996382869231,False,0.14120996382869233,369223.3872810134
21080,460068.81918048346,205720.42457304348,0.4471514173455429,0.05,0.06707271260183144,0.06707271260183144,False,0.11707271260183144,406207.3145355028
21081,407696.06746264844,175954.69343575905,0.4315830038068232,0.05,0.06473745057102348,0.06473745057102348,False,0.11473745057102348,360918.0600741522
21082,543896.4068356099,159207.65787096333,0.2927168774606064,0.05,0.04390753161909095,0.04390753161909095,False,0.09390753161909096,492820.4378131849
21083,859078.4932580121,445751.0917471596,0.518871203557513,0.05,0.07783068053362695,0.07783068053362695,False,0.12783068053362695,749261.9048330376
21084,493310.9065943287,207074.47419023828,0.41976463812612347,0.05,0.06296469571891852,0.06296469571891852,False,0.11296469571891853,437584.19013607653
21085,288741.95246149885,157155.2551406232,0.5442757929732377,0.05,0.08164136894598566,0.08164136894598566,False,0.13164136894598566,250731.56656733042
21086,1274542.5243602055,458879.246785474,0.3600344735581279,0.05,0.054005171033719185,0.054005171033719185,False,0.10400517103371919,1141983.511124374
21087,821473.6119786028,460854.7676448071,0.5610098254218921,0.05,0.08415147381328382,0.08415147381328382,False,0.13415147381328382,711271.7162329516
21088,635532.6657322608,259659.94452293275,0.4085705716223926,0.05,0.061285585743358885,0.061285585743358885,False,0.1112855857433589,564807.0407672079
21089,581626.2385171293,126995.13323949347,0.2183449178002539,0.05,0.032751737670038084,0.032751737670038084,False,0.08275173767003809,533495.6566053488
21090,503434.4926419186,297324.42999069364,0.5905920915954673,0.05,0.0885888137393201,0.0885888137393201,False,0.13858881373932008,433664.1035112186
21091,338864.49391643296,54080.008964367735,0.1595918425661449,0.05,0.023938776384921732,0.023938776384921732,False,0.07393877638492173,313809.26787595614
21092,325235.62605962635,90183.59838484641,0.2772869610794508,0.05,0.041593044161917614,0.041593044161917614,False,0.09159304416191762,295446.3049989181
21093,322652.6422300541,72159.43739907083,0.22364434055252688,0.05,0.033546651082879034,0.033546651082879034,False,0.08354665108287904,295696.09450869076
21094,188913.3769773101,76424.64986962458,0.40454864071803526,0.05,0.060682296107705286,0.060682296107705286,False,0.11068229610770529,168004.01064800093
21095,884334.3265811238,448982.4947325846,0.5077067362841959,0.05,0.07615601044262939,0.07615601044262939,False,0.1261560104426294,772770.2360421799
21096,254733.55036180682,313540.1655251812,1.2308553980417944,0.05,0.18462830970626917,0.1,True,0.15000000000000002,216523.5178075358
21097,541236.4712913309,217781.00219228928,0.40237680523023084,0.05,0.06035652078453462,0.06035652078453462,False,0.11035652078453462,481507.49739792093
21098,450680.2921340326,238735.50657050963,0.5297225344380259,0.05,0.07945838016570388,0.07945838016570388,False,0.12945838016570388,392335.95154175453
21099,586943.5294974499,167775.75123781926,0.28584649596780026,0.05,0.04287697439517004,0.04287697439517004,False,0.09287697439517004,532429.9903369044
21100,280139.30973408034,176869.08539951526,0.6313611808617884,0.05,0.09470417712926825,0.09470417712926825,False,0.14470417712926825,239601.98143744902
21101,260434.23254702188,96617.85460676829,0.3709875374748355,0.05,0.05564813062122532,0.05564813062122532,False,0.10564813062122533,232919.84272865552
21102,694153.6969172149,299752.1338265466,0.43182386718930804,0.05,0.0647735800783962,0.0647735800783962,False,0.1147735800783962,614483.1919973722
21103,716304.0488585883,387172.73541723355,0.5405145147988247,0.05,0.0810771772198237,0.0810771772198237,False,0.1310771772198237,622412.9361030739
21104,273520.3835641984,151457.71084869106,0.5537346389876723,0.05,0.08306019584815084,0.08306019584815084,False,0.13306019584815085,237125.70775868482
21105,483794.9121913956,176111.11977280816,0.36402019809405584,0.05,0.054603029714108374,0.054603029714108374,False,0.10460302971410837,433188.4986159046
21106,301475.0334969677,194125.10783360855,0.643917692227609,0.05,0.09658765383414135,0.09658765383414135,False,0.14658765383414135,257282.51564707805
21107,511975.6144030907,161826.22320217348,0.3160818965779175,0.05,0.04741228448668763,0.04741228448668763,False,0.09741228448668762,462102.9002026101
21108,2694863.4571552784,2285612.496383624,0.8481366617351133,0.05,0.127220499260267,0.1,True,0.15000000000000002,2290633.938581987
21109,246828.80927473307,415848.5187655781,1.6847649185987745,0.05,0.2527147377898162,0.1,True,0.15000000000000002,209804.4878835231
21110,258999.50397258208,101383.5460846305,0.3914430125524992,0.05,0.05871645188287487,0.05871645188287487,False,0.10871645188287488,230841.99686125838
21111,284793.00091865205,161153.7714806451,0.565862823035728,0.05,0.08487942345535919,0.08487942345535919,False,0.1348794234553592,246380.2851506227
21112,339176.93529440224,142959.68057649897,0.4214899826617378,0.05,0.06322349739926067,0.06322349739926067,False,0.11322349739926067,300774.1364432073
21113,523814.40500380273,141878.87171510485,0.27085714016221996,0.05,0.04062857102433299,0.04062857102433299,False,0.090628571024333,476341.8539963469
21114,507428.4439584347,229289.6178819514,0.4518659145184485,0.05,0.06777988717776727,0.06777988717776727,False,0.11777988717776727,447663.57907822024
21115,463761.748618511,134064.46061180957,0.2890804621363686,0.05,0.04336206932045529,0.04336206932045529,False,0.0933620693204553,420463.992095814
21116,528097.0121716777,217711.29865600262,0.41225625905496965,0.05,0.06183843885824544,0.06183843885824544,False,0.11183843885824545,469035.46676469344
21117,444806.44597479486,168349.40107861382,0.3784778808896879,0.05,0.05677168213345318,0.05677168213345318,False,0.10677168213345319,397313.71351426304
21118,456442.1874806397,232233.78908941842,0.5087912455490735,0.05,0.07631868683236102,0.07631868683236102,False,0.12631868683236103,398785.00974319497
21119,334696.45610697026,108000.98242983106,0.32268337611353,0.05,0.0484025064170295,0.0484025064170295,False,0.0984025064170295,301761.48593714705
21120,796226.1091534151,401123.7225901196,0.5037811721806172,0.05,0.07556717582709259,0.07556717582709259,False,0.1255671758270926,696246.2453072263
21121,394930.47336916043,188360.0935096927,0.476944946544106,0.05,0.0715417419816159,0.0715417419816159,False,0.12154174198161591,346929.9356742485
21122,771427.3117847966,515436.17119709664,0.6681590907179168,0.05,0.10022386360768752,0.1,True,0.15000000000000002,655713.2150170772
21123,780904.4125706283,594873.7992191038,0.7617754358191705,0.05,0.11426631537287557,0.1,True,0.15000000000000002,663768.7506850341
21124,327447.53958082426,268917.8689765534,0.8212548163312007,0.05,0.1231882224496801,0.1,True,0.15000000000000002,278330.4086437006
21125,321959.34965337656,151731.62419542525,0.4712757196173382,0.05,0.07069135794260073,0.07069135794260073,False,0.12069135794260073,283101.6385413939
21126,503380.69085404644,376676.9244522811,0.7482943452066129,0.05,0.11224415178099192,0.1,True,0.15000000000000002,427873.58722593944
21127,274943.9766162996,177809.93797936724,0.6467133419966186,0.05,0.09700700129949279,0.09700700129949279,False,0.1470070012994928,234525.2870885795
21128,503439.9890067939,137315.4905180008,0.27275443650970627,0.05,0.04091316547645594,0.04091316547645594,False,0.09091316547645595,457670.6659787541
21129,510795.6247784831,102079.44798916625,0.19984401399960125,0.05,0.029976602099940186,0.029976602099940186,False,0.07997660209994019,469943.926341184
21130,560910.7720016247,162149.25497094257,0.2890820841117184,0.05,0.043362312616757756,0.043362312616757756,False,0.09336231261675776,508542.8451559021
21131,460391.74579176714,122330.22981827444,0.2657089987742825,0.05,0.039856349816142375,0.039856349816142375,False,0.08985634981614238,419022.6240294376
21132,618341.1906018697,289284.55309357174,0.4678396935064171,0.05,0.07017595402596256,0.07017595402596256,False,0.12017595402596257,544031.4481077405
21133,330187.03182108526,73816.16995207133,0.22355865869398914,0.05,0.03353379880409837,0.03353379880409837,False,0.08353379880409836,302605.2547372203
21134,463419.2096756353,85992.3680173211,0.18556064621816265,0.05,0.027834096932724397,0.027834096932724397,False,0.0778340969327244,427349.3939892554
21135,565146.4671712394,382664.3260069486,0.677106463962025,0.05,0.10156596959430375,0.1,True,0.15000000000000002,480374.4970955535
21136,501576.15906661574,61103.403599369456,0.12182278303075035,0.05,0.018273417454612553,0.018273417454612553,False,0.06827341745461256,467331.84057337954
21137,336228.09839871974,115550.08471159375,0.3436657592327915,0.05,0.05154986388491873,0.05154986388491873,False,0.10154986388491874,302084.1807720447
21138,402597.73996508186,80883.1436932903,0.20090312404710833,0.05,0.03013546860706625,0.03013546860706625,False,0.08013546860706625,370335.3814128342
21139,391942.7809533964,102513.65500089782,0.26155260406004804,0.05,0.039232890609007205,0.039232890609007205,False,0.08923289060900721,356968.5936555919
21140,350616.95363475906,64379.04097398766,0.18361645181896113,0.05,0.027542467772844168,0.027542467772844168,False,0.07754246777284417,323429.249806923
21141,833563.625834994,152786.5559661385,0.18329321389604752,0.05,0.027493982084407127,0.027493982084407127,False,0.07749398208440714,768967.4611483235
21142,404106.96140753594,185707.1176703889,0.4595494148963843,0.05,0.06893241223445765,0.06893241223445765,False,0.11893241223445765,356045.54568660085
21143,260452.3215397455,424183.2516089619,1.628640701304829,0.05,0.24429610519572434,0.1,True,0.15000000000000002,221384.47330878366
21144,316672.4212506136,209302.22496368046,0.6609423837323659,0.05,0.09914135755985488,0.09914135755985488,False,0.1491413575598549,269443.4664435308
21145,440913.71667100163,144315.15349182062,0.3273092853210208,0.05,0.04909639279815312,0.04909639279815312,False,0.09909639279815313,397220.7578136784
21146,227403.63092713922,510656.49825707276,2.2455951832215404,0.05,0.33683927748323106,0.1,True,0.15000000000000002,193293.08628806833
21147,497893.07422635186,128197.15170404251,0.2574792828826568,0.05,0.03862189243239852,0.03862189243239852,False,0.08862189243239851,453768.8477594279
21148,358046.8848190192,253023.2860991446,0.7066764069935687,0.05,0.10600146104903531,0.1,True,0.15000000000000002,304339.8520961663
21149,571498.2188972278,191511.08683736203,0.335103558514854,0.05,0.0502655337772281,0.0502655337772281,False,0.1002655337772281,514196.6449267621
21150,254622.36569275582,62950.02674451668,0.2472289760298447,0.05,0.037084346404476706,0.037084346404476706,False,0.08708434640447671,232448.74339644052
21151,454707.32836551184,237184.36835512752,0.5216198498663063,0.05,0.07824297747994594,0.07824297747994594,False,0.12824297747994595,396394.30669396714
21152,741001.31573433,384731.49953976215,0.5192048804373505,0.05,0.07788073206560257,0.07788073206560257,False,0.12788073206560258,646241.5250166492
21153,426064.42264515004,212157.77197518788,0.4979476358482167,0.05,0.07469214537723251,0.07469214537723251,False,0.12469214537723251,372937.53571661434
21154,553928.8450858319,192396.41354532458,0.3473305556339326,0.05,0.05209958334508989,0.05209958334508989,False,0.1020995833450899,497372.9407997416
21155,432412.3624888227,204793.9273077281,0.47360793786977295,0.05,0.07104119068046594,0.07104119068046594,False,0.12104119068046594,380072.6552682224
21156,585080.3037571902,136982.31058189622,0.23412565711448768,0.05,0.03511884856717315,0.03511884856717315,False,0.08511884856717315,535278.9419820464
21157,330104.9834399954,99093.49073573871,0.30018780602187234,0.05,0.04502817090328085,0.04502817090328085,False,0.09502817090328086,298735.71065763483
21158,812838.8240148779,383352.8665579541,0.47162223952892457,0.05,0.07074333592933868,0.07074333592933868,False,0.12074333592933868,714693.9528304408
21159,620458.7436414756,239074.6851371507,0.3853192296622659,0.05,0.05779788444933988,0.05779788444933988,False,0.10779788444933988,553574.6036888291
21160,237346.58243128113,219646.67633743954,0.9254259070742413,0.05,0.1388138860611362,0.1,True,0.15000000000000002,201744.59506658895
21161,323312.18520357134,68624.41134182626,0.212254330280244,0.05,0.0318381495420366,0.0318381495420366,False,0.08183814954203661,296852.91424211883
21162,348225.44627487333,117535.17419320386,0.3375260925085496,0.05,0.05062891387628244,0.05062891387628244,False,0.10062891387628245,313183.89783214906
21163,511740.5863420242,108373.71868576884,0.21177471863319583,0.05,0.03176620779497937,0.03176620779497937,False,0.08176620779497937,469897.4992220577
21164,495548.91601072595,107926.73881563713,0.21779230128171867,0.05,0.0326688451922578,0.0326688451922578,False,0.08266884519225781,454582.4593878441
21165,522549.32033523754,352237.57082462404,0.6740752635533976,0.05,0.10111128953300964,0.1,True,0.15000000000000002,444166.9222849519
21166,2077788.4149344852,1181191.4225861493,0.5684849400911659,0.05,0.08527274101367488,0.08527274101367488,False,0.13527274101367487,1796720.2807998385
21167,482464.92693301523,246787.6802122899,0.5115142395553938,0.05,0.07672713593330906,0.07672713593330906,False,0.12672713593330906,421323.528554521
21168,285111.56425951887,75973.87529540641,0.2664706901409732,0.05,0.039970603521145974,0.039970603521145974,False,0.08997060352114597,259459.90475223196
21169,334133.1655165878,250536.15846189315,0.7498093105320773,0.05,0.1124713965798116,0.1,True,0.15000000000000002,284013.1906890996
21170,532837.2852450772,155923.5380137246,0.2926288049493533,0.05,0.043894320742402994,0.043894320742402994,False,0.093894320742403,482806.89028076467
21171,215046.7520648599,148703.67858683778,0.6914946501586199,0.05,0.10372419752379299,0.1,True,0.15000000000000002,182789.7392551309
21172,249344.21230377187,68854.28381698718,0.2761414960500594,0.05,0.04142122440750891,0.04142122440750891,False,0.09142122440750891,226548.8591160352
21173,472412.02355275885,150423.08070622035,0.31841501318058885,0.05,0.047762251977088326,0.047762251977088326,False,0.09776225197708832,426227.96026918787
21174,201430.31304063203,160043.10620722722,0.7945333738072666,0.05,0.11918000607108999,0.1,True,0.15000000000000002,171215.76608453723
21175,506701.9241679645,171488.8677676753,0.3384413194192434,0.05,0.05076619791288651,0.05076619791288651,False,0.10076619791288652,455643.4977944149
21176,468267.2253118104,85101.78411461099,0.181737647895266,0.05,0.0272606471842899,0.0272606471842899,False,0.0772606471842899,432088.5964290282
21177,471487.0281915186,268803.9699620032,0.5701195449492084,0.05,0.08551793174238125,0.08551793174238125,False,0.13551793174238125,407592.08128764224
21178,286057.49162544514,156426.4667822353,0.5468357633054243,0.05,0.08202536449581364,0.08202536449581364,False,0.13202536449581365,248290.6470268376
21179,381121.67020503985,346656.2605065536,0.9095684858855069,0.05,0.13643527288282603,0.1,True,0.15000000000000002,323953.4196742839
21180,429677.7291533066,135091.94374600437,0.3144029456965509,0.05,0.047160441854482635,0.047160441854482635,False,0.09716044185448264,387930.0511337406
21181,577194.5775385842,218102.8995476857,0.3778672011746437,0.05,0.05668008017619655,0.05668008017619655,False,0.10668008017619655,515619.4137295022
21182,744321.0785764717,334959.20581160253,0.4500197770191037,0.05,0.06750296655286554,0.06750296655286554,False,0.11750296655286555,656861.1437759077
21183,367257.9792494114,205095.72417154995,0.5584513768515451,0.05,0.08376770652773176,0.08376770652773176,False,0.13376770652773176,318130.7216612083
21184,270474.89468863443,60653.43901884591,0.22424794393087386,0.05,0.03363719158963108,0.03363719158963108,False,0.08363719158963108,247853.13410137582
21185,247695.85719691234,137360.05061640256,0.5545512636781994,0.05,0.0831826895517299,0.0831826895517299,False,0.1331826895517299,214707.05674460635
21186,435731.7701677772,446428.2502599725,1.0245483134912947,0.05,0.1536822470236942,0.1,True,0.15000000000000002,370372.0046426106
21187,483282.75013995037,146191.35486142687,0.3024965298659891,0.05,0.045374479479898366,0.045374479479898366,False,0.09537447947989837,437189.9094037388
21188,300357.7017843847,142174.9569819586,0.4733521269383681,0.05,0.07100281904075521,0.07100281904075521,False,0.12100281904075522,264013.5731478717
21189,1023156.6871139077,456398.8269031702,0.4460693387936187,0.05,0.0669104008190428,0.0669104008190428,False,0.1169104008190428,903539.0287227368
21190,501575.3463292064,136307.6272440756,0.271759025322211,0.05,0.04076385379833165,0.04076385379833165,False,0.09076385379833166,456050.43492613477
21191,365566.39864919026,51263.324834772386,0.14022985981259833,0.05,0.021034478971889748,0.021034478971889748,False,0.07103447897188975,339598.5799915149
21192,537825.506987372,158193.54548367712,0.29413544621525634,0.05,0.04412031693228845,0.04412031693228845,False,0.09412031693228845,487205.1998154518
21193,1476358.1189650302,746125.6380095056,0.5053825548319951,0.05,0.07580738322479927,0.07580738322479927,False,0.12580738322479929,1290621.367315353
21194,218655.63660238276,143696.7008390454,0.657182696370881,0.05,0.09857740445563215,0.09857740445563215,False,0.14857740445563217,186168.3496464068
21195,347689.17861342675,158536.75597490743,0.4559726495001855,0.05,0.06839589742502783,0.06839589742502783,False,0.11839589742502783,306524.2062865193
21196,277828.47012115555,341129.1981882719,1.2278410417748482,0.05,0.18417615626622721,0.1,True,0.15000000000000002,236154.1996029822
21197,302684.39466721995,116198.2994646852,0.3838926007151343,0.05,0.05758389010727014,0.05758389010727014,False,0.10758389010727015,270120.4300141562
21198,380965.9403170054,101884.21815114497,0.267436553688674,0.05,0.04011548305330109,0.04011548305330109,False,0.0901154830533011,346635.0105784834
21199,630315.4398682637,143627.5207615851,0.22786609953835707,0.05,0.034179914930753556,0.034179914930753556,False,0.08417991493075355,577255.5397606126
21200,223538.00405692437,138664.61569090717,0.6203178572516733,0.05,0.093047678587751,0.093047678587751,False,0.143047678587751,191561.41150044207
21201,349613.4077332741,154211.87595393276,0.4410925683707862,0.05,0.06616388525561792,0.06616388525561792,False,0.11616388525561792,309000.9559535205
21202,208099.7981973968,69158.72004955684,0.3323343926742067,0.05,0.04985015890113101,0.04985015890113101,False,0.09985015890113101,187321.00028009343
21203,355543.3182823028,93450.63385164848,0.26283895392304435,0.05,0.039425843088456654,0.039425843088456654,False,0.08942584308845666,323748.55729044037
21204,271074.09005674295,153264.34486718208,0.5653965114670303,0.05,0.08480947672005454,0.08480947672005454,False,0.13480947672005456,234530.73382382852
21205,508837.07480832003,129933.1442539196,0.25535313892539313,0.05,0.038302970838808965,0.038302970838808965,False,0.08830297083880898,463905.2494298161
21206,569398.5386363657,274947.72073243,0.4828739486948693,0.05,0.0724310923042304,0.0724310923042304,False,0.1224310923042304,499686.45359468285
21207,198761.41316772965,241703.99074478823,1.2160508767404488,0.05,0.18240763151106731,0.1,True,0.15000000000000002,168947.2011925702
21208,427522.97204849217,141569.1946071749,0.33113821680468036,0.05,0.04967073252070205,0.04967073252070205,False,0.09967073252070205,384911.44425499137
21209,797375.4442803885,356275.6133563677,0.4468103650694906,0.05,0.0670215547604236,0.0670215547604236,False,0.1170215547604236,704065.3300629139
21210,637217.9152772202,203135.16888193844,0.3187844597770999,0.05,0.04781766896656498,0.04781766896656498,False,0.09781766896656499,574886.7441810684
21211,261093.50248529678,98886.86030474675,0.3787411764883558,0.05,0.05681117647325337,0.05681117647325337,False,0.10681117647325337,233205.79831531993
21212,890348.3888729827,171987.9028758332,0.1931692189543222,0.05,0.02897538284314833,0.02897538284314833,False,0.07897538284314834,820032.7839979586
21213,901321.9834875312,342081.09126906865,0.3795326171291605,0.05,0.05692989256937407,0.05692989256937407,False,0.10692989256937407,804943.7206227944
21214,315361.6126685541,113930.8579852538,0.3612705332814093,0.05,0.05419057999221139,0.05419057999221139,False,0.1041905799922114,282503.90333733836
21215,360913.1114524037,104190.6805137159,0.2886863270065939,0.05,0.04330294905098909,0.04330294905098909,False,0.0933029490509891,327238.85380272614
21216,169388.65685956593,135486.68039462203,0.799856867080239,0.05,0.11997853006203583,0.1,True,0.15000000000000002,143980.35833063105
21217,406944.01660271164,276593.5902033845,0.6796846222546019,0.05,0.10195269333819028,0.1,True,0.15000000000000002,345902.41411230486
21218,239714.58876421483,130203.71958631166,0.5431614331757717,0.05,0.08147421497636576,0.08147421497636576,False,0.13147421497636574,208198.30138805736
21219,422925.1853361947,169789.07583768212,0.4014636198662706,0.05,0.06021954297994059,0.06021954297994059,False,0.11021954297994059,376310.56469373265
21220,424032.64452451427,104770.74634643504,0.24708179358199864,0.05,0.0370622690372998,0.0370622690372998,False,0.0870622690372998,387115.4003463233
21221,466222.29731118894,149196.76612078253,0.3200120778890983,0.05,0.048001811683364745,0.048001811683364745,False,0.09800181168336475,420531.6675275121
21222,440047.4463832321,106053.47149537964,0.24100462885772306,0.05,0.03615069432865846,0.03615069432865846,False,0.08615069432865846,402137.0533397635
21223,322125.9788170031,89929.47566059788,0.2791748619309156,0.05,0.04187622928963734,0.04187622928963734,False,0.09187622928963735,292530.25852706324
21224,732966.1104866558,299122.4869862769,0.40809865927863065,0.05,0.0612147988917946,0.0612147988917946,False,0.1112147988917946,651449.4319143815
21225,619506.7401982087,304938.25824681856,0.4922275069182537,0.05,0.07383412603773805,0.07383412603773805,False,0.12383412603773805,542790.6644512755
21226,185574.86786507658,133563.59433336946,0.7197288936262519,0.05,0.10795933404393779,0.1,True,0.15000000000000002,157738.6376853151
21227,410570.9946531943,204125.8075826327,0.4971754221338893,0.05,0.0745763133200834,0.0745763133200834,False,0.1245763133200834,359423.5737831397
21228,458770.6997489616,175386.2554608698,0.38229611341099334,0.05,0.057344417011648996,0.057344417011648996,False,0.107344417011649,409524.2264423831
21229,281059.7463713923,67037.74155815615,0.23851776152097035,0.05,0.03577766422814555,0.03577766422814555,False,0.08577766422814556,256951.09781909923
21230,726585.0969395055,225813.95912358304,0.3107880413109877,0.05,0.04661820619664815,0.04661820619664815,False,0.09661820619664815,656383.7482239928
21231,404641.5889881124,64347.549180086295,0.15902356784679567,0.05,0.02385353517701935,0.02385353517701935,False,0.07385353517701936,374757.3771616939
21232,368309.1457547933,190205.93635526113,0.5164301200434844,0.05,0.07746451800652267,0.07746451800652267,False,0.12746451800652267,321362.7980137645
21233,405511.1090016777,123111.65321517357,0.3035962529319122,0.05,0.045539437939786834,0.045539437939786834,False,0.09553943793978684,366768.80556931783
21234,728292.4130421017,502406.9206631717,0.689842310130077,0.05,0.10347634651951156,0.1,True,0.15000000000000002,619048.5510857864
21235,578033.1949423047,179463.6097284155,0.31047284359910904,0.05,0.04657092653986635,0.04657092653986635,False,0.09657092653986635,522211.9937359272
21236,332361.07760859246,110861.37982660794,0.3335570477273656,0.05,0.05003355715910484,0.05003355715910484,False,0.10003355715910484,299113.8167541716
21237,885744.3436368036,482439.3475010528,0.5446711017314443,0.05,0.08170066525971664,0.08170066525971664,False,0.13170066525971663,769091.2243298056
21238,521068.8285047682,64309.443246423325,0.12341832734643202,0.05,0.018512749101964803,0.018512749101964803,False,0.06851274910196481,485368.9705925663
21239,217694.72986087427,161315.70639205282,0.7410179681205304,0.05,0.11115269521807956,0.1,True,0.15000000000000002,185040.52038174312
21240,615333.0686997593,224938.16658852354,0.36555514083426915,0.05,0.05483327112514037,0.05483327112514037,False,0.10483327112514038,550825.6902764929
21241,269753.918903294,69153.06056980658,0.2563560924377071,0.05,0.03845341386565606,0.03845341386565606,False,0.08845341386565606,245893.26387265834
21242,587270.9375153076,241079.06933440984,0.4105074062653168,0.05,0.061576110939797514,0.061576110939797514,False,0.11157611093979752,521745.5302393807
21243,1117489.7509787453,565217.0789397731,0.5057917340581709,0.05,0.07586876010872563,0.07586876010872563,False,0.12586876010872564,976832.7015888421
21244,670244.32630698,162016.18551879423,0.24172705259811308,0.05,0.036259057889716964,0.036259057889716964,False,0.08625905788971697,612429.6821638119
21245,280106.25224584533,87734.21151105326,0.31321761227253925,0.05,0.046982641840880884,0.046982641840880884,False,0.09698264184088089,252940.80790689506
21246,414624.7291680642,111001.68472751009,0.2677160258873913,0.05,0.04015740388310869,0.04015740388310869,False,0.0901574038831087,377243.2400005345
21247,625303.7741796201,154774.2116894389,0.24751843516776795,0.05,0.03712776527516519,0.03712776527516519,False,0.08712776527516519,570822.4537172233
21248,472262.9240737906,68617.02244688122,0.14529411255701258,0.05,0.021794116883551887,0.021794116883551887,False,0.07179411688355189,438357.2245030689
21249,1865097.6510165716,1157931.3408425008,0.6208422064181842,0.05,0.09312633096272763,0.09312633096272763,False,0.14312633096272764,1598153.067339368
21250,641326.796069059,233632.35398275615,0.3642953255887319,0.05,0.054644298838309784,0.054644298838309784,False,0.10464429883830978,574215.6031681927
21251,505373.35856075276,158390.71653727902,0.31341326932697483,0.05,0.04701199039904622,0.04701199039904622,False,0.09701199039904623,456346.08315212326
21252,256325.57633536143,98421.06285218312,0.38396895174992113,0.05,0.057595342762488164,0.057595342762488164,False,0.10759534276248817,228746.1380907659
21253,429719.6922006452,201108.76849810354,0.4679998895749967,0.05,0.0701999834362495,0.0701999834362495,False,0.1201999834362495,378067.39231589745
21254,959976.3923335215,413805.8528215084,0.4310583636495732,0.05,0.06465875454743597,0.06465875454743597,False,0.11465875454743597,849906.6947936191
21255,426020.3422461159,176353.93910630094,0.41395661572521725,0.05,0.06209349235878259,0.06209349235878259,False,0.11209349235878259,378266.23426786496
21256,253327.4745293641,151729.43548216764,0.5989458339015657,0.05,0.08984187508523486,0.08984187508523486,False,0.13984187508523488,217901.68548057074
21257,420760.9700340081,306353.8695785919,0.7280947887201391,0.05,0.10921421830802086,0.1,True,0.15000000000000002,357646.82452890684
21258,586544.5357985585,250886.46711489634,0.42773643227845226,0.05,0.06416046484176784,0.06416046484176784,False,0.11416046484176784,519584.33894139616
21259,257863.00319267742,63914.16611441405,0.24786093903768291,0.05,0.03717914085565244,0.03717914085565244,False,0.08717914085565244,235382.72811588144
21260,1037216.8842585755,384327.742848285,0.3705374918988236,0.05,0.05558062378482354,0.05558062378482354,False,0.10558062378482355,927706.8786184039
21261,316560.6282523822,87603.72928871209,0.27673602296135463,0.05,0.041510403444203196,0.041510403444203196,False,0.09151040344420319,287592.0374464563
21262,399130.01145544735,239138.78040290996,0.5991500852839369,0.05,0.08987251279259052,0.08987251279259052,False,0.13987251279259053,343302.6938222385
21263,177072.31498917652,230734.36573750598,1.3030516134134775,0.05,0.19545774201202162,0.1,True,0.15000000000000002,150511.46774080003
21264,274815.1626349565,180493.09132685995,0.6567799592870835,0.05,0.09851699389306252,0.09851699389306252,False,0.14851699389306253,234000.44080417967
21265,432471.00373540784,113069.98823313101,0.261451027367164,0.05,0.0392176541050746,0.0392176541050746,False,0.0892176541050746,393886.9553136678
21266,873524.0324018367,295981.4527842174,0.33883607297029766,0.05,0.05082541094554465,0.05082541094554465,False,0.10082541094554465,785450.6128641122
21267,331464.1144681069,71681.17083890713,0.21625620304005552,0.05,0.032438430456008326,0.032438430456008326,False,0.08243843045600832,304138.73311886546
21268,328907.192747822,80389.85420464264,0.24441500817611714,0.05,0.03666225122641757,0.03666225122641757,False,0.08666225122641757,300403.35497973446
21269,265222.97906167083,71203.15255632316,0.26846524689614726,0.05,0.040269787034422085,0.040269787034422085,False,0.0902697870344221,241281.3572251388
21270,277981.4384296207,98648.5743335858,0.354874681168907,0.05,0.05323120217533605,0.05323120217533605,False,0.10323120217533605,249285.08035810178
21271,421953.65357982565,129691.61008432682,0.30735984623911217,0.05,0.046103976935866826,0.046103976935866826,False,0.09610397693586684,381402.22938818537
21272,482400.0804202149,272219.94681423006,0.564303278260446,0.05,0.0846454917390669,0.0846454917390669,False,0.1346454917390669,417447.08437706967
21273,259356.7325301535,111990.64970916184,0.43180159086921527,0.05,0.06477023863038228,0.06477023863038228,False,0.11477023863038228,229590.29844727155
21274,312165.6253595386,277342.8051922334,0.8884476145405255,0.05,0.13326714218107882,0.1,True,0.15000000000000002,265340.7815556078
21275,259907.0256868788,163597.2293046685,0.6294451982293127,0.05,0.0944167797343969,0.0944167797343969,False,0.1444167797343969,222372.09000683457
21276,382456.6333872898,363593.2837176856,0.9506784612348389,0.05,0.14260176918522582,0.1,True,0.15000000000000002,325088.13837919635
21277,354555.1731140912,78421.8211252719,0.22118368894884743,0.05,0.03317755334232712,0.03317755334232712,False,0.08317755334232713,325064.14128959586
21278,456076.28394778766,172725.93347283656,0.3787215857350094,0.05,0.05680823786025141,0.05680823786025141,False,0.10680823786025141,407363.5797294728
21279,236747.03552142586,113122.40289599693,0.4778197228398209,0.05,0.07167295842597313,0.07167295842597313,False,0.12167295842597313,207941.32331095502
21280,582136.7242905975,230630.28786872188,0.3961789013565021,0.05,0.05942683520347531,0.05942683520347531,False,0.10942683520347532,518435.34489575936
21281,1721457.9977655036,1202685.1408836218,0.6986433258579284,0.05,0.10479649887868926,0.1,True,0.15000000000000002,1463239.298100678
21282,527248.9895285277,251167.3867258809,0.4763733866052124,0.05,0.07145600799078186,0.07145600799078186,False,0.12145600799078186,463211.4320432192
21283,758879.9266306212,75428.61290176015,0.099394660808408,0.05,0.0149091991212612,0.0149091991212612,False,0.0649091991212612,709621.6383638262
21284,284179.51433761395,102874.41946767658,0.3620050506014259,0.05,0.05430075759021388,0.05430075759021388,False,0.10430075759021389,254539.37570058176
21285,914455.3990819403,540982.9595313766,0.5915903171160581,0.05,0.08873854756740872,0.08873854756740872,False,0.13873854756740872,787585.1851981367
21286,572112.8461361757,192467.56560777046,0.3364153888653618,0.05,0.05046230832980427,0.05046230832980427,False,0.10046230832980427,514637.0689882013
21287,376143.724464391,59909.3114484314,0.1592723939067151,0.05,0.023890859086007264,0.023890859086007264,False,0.07389085908600726,348350.1415239068
21288,459531.7769305289,152817.82967892312,0.3325511691480387,0.05,0.04988267537220581,0.04988267537220581,False,0.09988267537220581,413632.513632164
21289,565072.7854044052,303124.3991303544,0.5364342558338172,0.05,0.08046513837507258,0.08046513837507258,False,0.13046513837507256,491350.4862646318
21290,394478.08068378025,68047.70978855068,0.17250061060578617,0.05,0.025875091590867923,0.025875091590867923,False,0.07587509159086793,364547.0201813086
21291,642425.7951726185,313845.85396386636,0.4885324598143458,0.05,0.07327986897215187,0.07327986897215187,False,0.12327986897215187,563227.6273194075
21292,620574.8684468286,259513.8775610613,0.41818302795691875,0.05,0.06272745419353781,0.06272745419353781,False,0.11272745419353782,550619.043390328
21293,667461.106556718,320955.89044375625,0.480860813148343,0.05,0.07212912197225145,0.07212912197225145,False,0.12212912197225145,585944.6676623187
21294,274982.3102576256,38347.851355153514,0.13945570287494552,0.05,0.020918355431241827,0.020918355431241827,False,0.07091835543124184,255481.0170414713
21295,472374.719416759,137658.67074844148,0.2914183699720608,0.05,0.043712755495809115,0.043712755495809115,False,0.09371275549580912,428107.1828336548
21296,476131.90301158285,206841.94469659147,0.4344215193065095,0.05,0.06516322789597642,0.06516322789597642,False,0.11516322789597642,421299.016156515
21297,584816.3248081692,94811.8335425969,0.16212241266297922,0.05,0.02431836189944688,0.02431836189944688,False,0.07431836189944688,541353.7335363711
21298,366614.2266901084,64944.5004188313,0.17714669996624974,0.05,0.02657200499493746,0.02657200499493746,False,0.07657200499493746,338541.84029277833
21299,475060.7763716659,192534.26585349545,0.40528344041366493,0.05,0.06079251606204974,0.06079251606204974,False,0.11079251606204973,422427.59767505823
21300,469666.4887404173,136818.45516091265,0.2913098090686467,0.05,0.043696471360297,0.043696471360297,False,0.093696471360297,425660.39602925954
21301,244809.6473739369,74346.57947158947,0.30369137927815426,0.05,0.04555370689172314,0.04555370689172314,False,0.09555370689172314,221417.17808450162
21302,393685.0941882895,210711.030730145,0.5352273526245505,0.05,0.08028410289368257,0.08028410289368257,False,0.13028410289368259,342394.18486935325
21303,459936.70707559685,72218.41424362914,0.1570181573521573,0.05,0.023552723602823594,0.023552723602823594,False,0.0735527236028236,426107.1095852726
21304,425309.6610508608,176616.96960885765,0.41526677097451786,0.05,0.06229001564617768,0.06229001564617768,False,0.11229001564617769,377551.63255698915
21305,543435.9407662527,231776.26743536443,0.42650154332552326,0.05,0.06397523149882849,0.06397523149882849,False,0.11397523149882849,481497.7036126354
21306,357328.8182703811,206442.53413867817,0.5777382723787721,0.05,0.08666074085681581,0.08666074085681581,False,0.13666074085681582,308495.9972360603
21307,435145.769526357,115943.06246835191,0.26644648894220535,0.05,0.0399669733413308,0.0399669733413308,False,0.0899669733413308,395997.0216797863
21308,453494.13281304203,157109.38606825838,0.34644193761384,0.05,0.051966290642076,0.051966290642076,False,0.101966290642076,407253.01826215116
21309,342412.7527623696,92472.36167191423,0.27006109125873873,0.05,0.04050916368881081,0.04050916368881081,False,0.09050916368881082,311421.260873464
21310,212094.0719156343,135283.43147635608,0.6378463587146765,0.05,0.09567695380720148,0.09567695380720148,False,0.14567695380720147,181196.85359839918
21311,393248.35306445,204026.7498548542,0.5188241686581608,0.05,0.07782362529872412,0.07782362529872412,False,0.12782362529872413,342981.9229329994
21312,319818.8891195675,176242.1093755482,0.5510684808540446,0.05,0.08266027212810668,0.08266027212810668,False,0.1326602721281067,277391.62825725693
21313,460400.56909315014,128965.95857957023,0.2801168530994524,0.05,0.04201752796491786,0.04201752796491786,False,0.09201752796491786,418035.64685155713
21314,860483.2683804701,380904.8435788762,0.4426638582941695,0.05,0.06639957874412541,0.06639957874412541,False,0.11639957874412542,760323.3784246151
21315,282318.66767846886,87343.80239527722,0.3093801876918482,0.05,0.04640702815377723,0.04640702815377723,False,0.09640702815377723,255101.16393525383
21316,367395.05515129317,179500.04280280715,0.4885750101587216,0.05,0.07328625152380824,0.07328625152380824,False,0.12328625152380825,322100.29597330745
21317,466681.5988263232,154915.1943376345,0.33195050914207264,0.05,0.0497925763713109,0.0497925763713109,False,0.09979257637131089,420110.2397343619
21318,611764.8855685557,314397.9703952931,0.5139196083526454,0.05,0.07708794125289681,0.07708794125289681,False,0.1270879412528968,534016.9457308339
21319,355678.68309590366,194757.16462195542,0.5475649058491423,0.05,0.08213473587737134,0.08213473587737134,False,0.13213473587737135,308681.17424781516
21320,231892.70526462945,85139.41175758344,0.3671500216465401,0.05,0.055072503246981014,0.055072503246981014,False,0.10507250324698102,207527.15823776045
21321,345414.351534075,145073.1021516129,0.41999732063044143,0.05,0.0629995980945662,0.0629995980945662,False,0.11299959809456621,306382.66863462934
21322,757741.7074675558,269838.3331440344,0.35610859278930224,0.05,0.05341628891839533,0.05341628891839533,False,0.10341628891839533,679378.8721225727
21323,382748.05233802646,180292.5065467195,0.47104748265967133,0.05,0.0706571223989507,0.0706571223989507,False,0.1206571223989507,336566.77373911726
21324,346583.9677983066,209647.35870753977,0.6048962969618472,0.05,0.09073444454427708,0.09073444454427708,False,0.14073444454427708,297807.6656022603
21325,2372152.234046747,2687097.8075542417,1.1327678590721038,0.05,0.16991517886081556,0.1,True,0.15000000000000002,2016329.3989397348
21326,474077.73050125904,283453.4567635899,0.5979050238531234,0.05,0.0896857535779685,0.0896857535779685,False,0.1396857535779685,407855.8254616576
21327,459770.09994611895,326310.007804675,0.7097242901243811,0.05,0.10645864351865716,0.1,True,0.15000000000000002,390804.58495420107
21328,1156077.1510717976,1297517.4590921924,1.1223450423609407,0.05,0.1683517563541411,0.1,True,0.15000000000000002,982665.5784110279
21329,270128.852899667,174851.78148348487,0.6472902824209951,0.05,0.09709354236314925,0.09709354236314925,False,0.14709354236314925,230394.64303216094
21330,587396.8588165623,192668.84805069707,0.32800455970920583,0.05,0.04920068395638087,0.04920068395638087,False,0.09920068395638088,529126.6886681297
21331,205519.5946143117,102336.95767540834,0.49794258239687056,0.05,0.07469138735953058,0.07469138735953058,False,0.12469138735953059,179893.07123228488
21332,491319.57392593526,250906.39725585934,0.5106786103614155,0.05,0.07660179155421232,0.07660179155421232,False,0.1266017915542123,429117.63564125955
21333,206238.91726772167,124561.11270989978,0.603965121423738,0.05,0.0905947682135607,0.0905947682135607,False,0.1405947682135607,177242.80449785062
21334,485816.04922310036,137610.02138339146,0.28325540418735135,0.05,0.0424883106281027,0.0424883106281027,False,0.0924883106281027,440883.7435544366
21335,449180.41502718173,159401.70507765195,0.35487234025554276,0.05,0.05323085103833141,0.05323085103833141,False,0.1032308510383314,402811.13851417485
21336,365898.4050216966,153141.43990238162,0.41853541256431775,0.05,0.06278031188464767,0.06278031188464767,False,0.11278031188464767,324632.2687852545
21337,339790.9482809944,78623.13402755436,0.23138678185899167,0.05,0.03470801727884875,0.03470801727884875,False,0.08470801727884875,311007.9307628115
21338,538183.9264339259,155711.4230177661,0.28932752423419533,0.05,0.0433991286351293,0.0433991286351293,False,0.09339912863512931,487918.01665956463
21339,708658.9795838061,203468.29872110707,0.28711736474517485,0.05,0.043067604711776224,0.043067604711776224,False,0.09306760471177622,642705.7857964498
21340,443680.35476406454,324411.57021701476,0.7311830842488547,0.05,0.10967746263732821,0.1,True,0.15000000000000002,377128.30154945486
21341,305510.1452168228,94878.700419651,0.31055826428387473,0.05,0.04658373964258121,0.04658373964258121,False,0.09658373964258121,276002.832893034
21342,462696.8057696737,205067.9710263791,0.4432016138197852,0.05,0.06648024207296778,0.06648024207296778,False,0.11648024207296778,408801.76982723316
21343,322549.84714326385,198342.71192284746,0.6149211158508208,0.05,0.09223816737762311,0.09223816737762311,False,0.14223816737762313,276670.94799767353
21344,438311.05069880484,171763.24003313784,0.3918752213965255,0.05,0.05878128320947882,0.05878128320947882,False,0.10878128320947883,390631.0121588939
21345,279942.516041571,83702.85810722472,0.2990001636435781,0.05,0.044850024546536714,0.044850024546536714,False,0.09485002454653671,253389.96152340874
21346,574559.7122391363,310082.7456266362,0.539687588637571,0.05,0.08095313829563565,0.08095313829563565,False,0.13095313829563565,499319.31478318403
21347,558360.9686253242,187328.6641396361,0.33549741952922724,0.05,0.05032461292938408,0.05032461292938408,False,0.10032461292938408,502343.62057311257
21348,272192.9665632652,50613.49488715641,0.18594710776772563,0.05,0.027892066165158845,0.027892066165158845,False,0.07789206616515884,250991.29400202847
21349,305294.44892375806,77900.9085227086,0.25516647550366367,0.05,0.03827497132554955,0.03827497132554955,False,0.08827497132554955,278344.5901991639
21350,567832.1615082974,142296.56406894216,0.25059616857729333,0.05,0.037589425286594,0.037589425286594,False,0.087589425286594,518096.0688225413
21351,304541.34223865287,110695.09150542371,0.36348132799217076,0.05,0.05452219919882561,0.05452219919882561,False,0.1045221991988256,272710.01140090666
21352,639531.8856235184,283119.63428312936,0.442698230764677,0.05,0.06640473461470155,0.06640473461470155,False,0.11640473461470155,565087.346199873
21353,485965.10399423813,357289.3488947138,0.7352160596678358,0.05,0.11028240895017537,0.1,True,0.15000000000000002,413070.3383951024
21354,381360.7516512055,159604.7638074578,0.41851386939113533,0.05,0.06277708040867029,0.06277708040867029,False,0.1127770804086703,338351.99949752656
21355,352109.5598774578,134371.03331736266,0.38161711191291386,0.05,0.05724256678693708,0.05724256678693708,False,0.10724256678693708,314348.4268859805
21356,266133.92872338486,63892.784990670625,0.24007756281642584,0.05,0.03601163442246388,0.03601163442246388,False,0.08601163442246387,243243.31453861503
21357,374964.0817569522,123139.4339384925,0.3284032789527563,0.05,0.049260491842913444,0.049260491842913444,False,0.09926049184291344,337744.9625783308
21358,574010.3468893021,246230.71515418624,0.42896563884008143,0.05,0.06434484582601221,0.06434484582601221,False,0.11434484582601222,508375.22227170906
21359,387921.5626663163,200170.47636724525,0.5160076047111323,0.05,0.07740114070666984,0.07740114070666984,False,0.12740114070666986,338499.9130779137
21360,1171335.2568097848,804929.520336221,0.6871896971055955,0.05,0.10307845456583932,0.1,True,0.15000000000000002,995634.9682883171
21361,677684.1877649663,570891.199006513,0.8424148140291402,0.05,0.12636222210437104,0.1,True,0.15000000000000002,576031.5596002213
21362,996551.1108052281,521449.94050216745,0.5232545875954402,0.05,0.07848818813931603,0.07848818813931603,False,0.12848818813931603,868506.0641896415
21363,629485.8358788451,235994.27591746033,0.37490005726337156,0.05,0.05623500858950573,0.05623500858950573,False,0.10623500858950574,562612.4026972838
21364,655754.7930514272,300972.2987865116,0.4589707951443185,0.05,0.06884561927164777,0.06884561927164777,False,0.11884561927164777,577821.2085808791
21365,304583.89561511733,194762.75920890298,0.6394387950668668,0.05,0.09591581926003002,0.09591581926003002,False,0.14591581926003003,260140.28695302602
21366,270023.77658861247,158700.34543333197,0.5877273010484393,0.05,0.08815909515726589,0.08815909515726589,False,0.13815909515726588,232717.53594418205
21367,801149.910671347,346323.74535406416,0.43228332268532865,0.05,0.06484249840279929,0.06484249840279929,False,0.1148424984027993,709143.8533346701
21368,260856.6960152471,21982.330870061385,0.08426975885938737,0.05,0.012640463828908105,0.012640463828908105,False,0.0626404638289081,244516.51158397552
21369,331752.56448748015,130668.10609982733,0.3938721809180123,0.05,0.05908082713770184,0.05908082713770184,False,0.10908082713770184,295564.720348132
21370,362159.2635466347,76626.46667385276,0.2115822357364212,0.05,0.03173733536046318,0.03173733536046318,False,0.08173733536046318,332557.33036822506
21371,1192096.0098538462,608345.8260010662,0.510316133073586,0.05,0.07654741996103791,0.07654741996103791,False,0.1265474199610379,1041239.3354609939
21372,413374.68550334405,81340.05374575127,0.19677076656667516,0.05,0.029515614985001274,0.029515614985001274,False,0.07951561498500127,380504.94316631416
21373,373984.02328895853,212097.94541195506,0.5671310328892786,0.05,0.08506965493339179,0.08506965493339179,False,0.1350696549333918,323470.13031271735
21374,1011159.033521841,603477.2675801294,0.5968173626241894,0.05,0.0895226043936284,0.0895226043936284,False,0.1395226043936284,870079.4917087295
21375,568496.6116080562,252569.93241766427,0.44427693544776276,0.05,0.0666415403171644,0.0666415403171644,False,0.11664154031716441,502186.2911650038
21376,355678.68309590366,194757.16462195542,0.5475649058491423,0.05,0.08213473587737134,0.08213473587737134,False,0.13213473587737135,308681.17424781516
21377,404253.79874876497,180922.8298118892,0.44754763065152753,0.05,0.06713214459772912,0.06713214459772912,False,0.11713214459772912,356902.68433954334
21378,277650.309520227,59191.76966098082,0.2131881998016237,0.05,0.031978229970243556,0.031978229970243556,False,0.08197822997024357,254889.02859506852
21379,307865.6927070757,54021.826418254,0.1754720571273722,0.05,0.02632080856910583,0.02632080856910583,False,0.07632080856910584,284369.1341089838
21380,402647.59404382034,93784.52473604091,0.2329196203413407,0.05,0.034937943051201105,0.034937943051201105,False,0.08493794305120111,368447.5356312232
21381,470455.3639034566,219252.33739717567,0.4660428049496509,0.05,0.06990642074244763,0.06990642074244763,False,0.11990642074244763,414044.74509870744
21382,443745.137238316,179887.82760572567,0.4053854623067471,0.05,0.060807819346012065,0.060807819346012065,False,0.11080781934601207,394574.7062355414
21383,3312981.5158367106,2291211.0333929085,0.6915858185264433,0.05,0.1037378727789665,0.1,True,0.15000000000000002,2816034.2884612037
21384,931322.8323501366,482110.56145113264,0.5176621303641359,0.05,0.07764931955462039,0.07764931955462039,False,0.1276493195546204,812440.1065149598
21385,273618.8081429121,103291.84393616178,0.37750271860775036,0.05,0.056625407791162555,0.056625407791162555,False,0.10662540779116256,244444.09114534222
21386,577633.7792918176,207777.05453202606,0.3597037811513758,0.05,0.053955567172706366,0.053955567172706366,False,0.10395556717270638,517585.5321474228
21387,914040.2329316561,352253.37807635707,0.3853806051256121,0.05,0.057807090768841815,0.057807090768841815,False,0.10780709076884182,815500.2145736198
21388,294920.86709770927,94519.96716056557,0.32049263957050034,0.05,0.048073895935575046,0.048073895935575046,False,0.09807389593557506,265996.828668739
21389,545904.453756068,132700.14984207682,0.24308310534753863,0.05,0.03646246580213079,0.03646246580213079,False,0.0864624658021308,498704.2085919531
21390,577797.3291813518,206611.94382671476,0.35758549476068274,0.05,0.05363782421410241,0.05363782421410241,False,0.10363782421410242,517915.671148277
21391,339984.79001909005,136856.42930418975,0.40253691730299257,0.05,0.06038053759544888,0.06038053759544888,False,0.11038053759544889,302457.0861225071
21392,231185.80243718228,206169.68242079066,0.8917921440128703,0.05,0.13376882160193054,0.1,True,0.15000000000000002,196507.93207160494
21393,468155.58638154436,450273.7891627596,0.9618037299159532,0.05,0.14427055948739298,0.1,True,0.15000000000000002,397932.2484243127
21394,272787.35050461534,57219.75851633027,0.20975957430020994,0.05,0.03146393614503149,0.03146393614503149,False,0.0814639361450315,250565.019201935
21395,451741.320327716,187602.55157688376,0.4152875620073616,0.05,0.06229313430110424,0.06229313430110424,False,0.11229313430110424,401013.87157479767
21396,556575.2067814989,165855.40037195152,0.2979927929794819,0.05,0.04469891894692228,0.04469891894692228,False,0.09469891894692228,503868.1363866312
21397,293325.2072565952,72221.39596628497,0.24621612524118014,0.05,0.03693241878617702,0.03693241878617702,False,0.08693241878617702,267825.7374988227
21398,665884.1107726922,228342.032704514,0.34291557496325564,0.05,0.051437336244488346,0.051437336244488346,False,0.10143733624448835,598338.6003283805
21399,884648.9423167115,559860.9941110025,0.632862333667458,0.05,0.0949293500501187,0.0949293500501187,False,0.1449293500501187,756437.3460842256
21400,332952.4434895889,207891.0973003783,0.6243867596270661,0.05,0.09365801394405991,0.09365801394405991,False,0.14365801394405991,285121.1567200527
21401,465531.2736641462,124903.15858367283,0.2683024012556098,0.05,0.04024536018834147,0.04024536018834147,False,0.09024536018834148,423519.23619338794
21402,255207.8552995358,94585.19024907655,0.37062021518915444,0.05,0.055593032278373165,0.055593032278373165,False,0.10559303227837316,228259.6839971975
21403,576617.6479110501,271077.8829481961,0.47011721533367457,0.05,0.07051758230005119,0.07051758230005119,False,0.12051758230005119,507125.08307326824
21404,357573.312700384,81774.6110635146,0.22869327256543545,0.05,0.03430399088481532,0.03430399088481532,False,0.08430399088481533,327428.4554058376
21405,535724.5944909055,189306.85169849428,0.35336598999788493,0.05,0.05300489849968274,0.05300489849968274,False,0.10300489849968275,480542.3370115861
21406,341164.0118428052,81193.53779290745,0.23798974972283476,0.05,0.035698462458425215,0.035698462458425215,False,0.08569846245842522,311926.78058172885
21407,580500.6059029385,139505.6594188481,0.24031957589752093,0.05,0.03604793638462814,0.03604793638462814,False,0.08604793638462814,530549.7266949643
21408,1024627.9191568976,297328.3150460699,0.29018174254974705,0.05,0.04352726138246205,0.04352726138246205,False,0.09352726138246206,928797.2759421422
21409,322331.52347057563,77309.68113207113,0.23984523852855,0.05,0.0359767857792825,0.0359767857792825,False,0.0859767857792825,294618.4951272362
21410,666620.4030530803,310715.23242428445,0.46610519420231944,0.05,0.06991577913034791,0.06991577913034791,False,0.11991577913034791,586682.0980367836
21411,629593.6470412633,205843.3073675203,0.32694629041266265,0.05,0.0490419435618994,0.0490419435618994,False,0.09904194356189941,567237.4685840721
21412,532994.2656484331,240472.7033763146,0.4511731530239992,0.05,0.06767597295359988,0.06767597295359988,False,0.11767597295359988,470273.6468595643
21413,610414.3691038084,283681.1071062654,0.4647353035328399,0.05,0.06971029552992598,0.06971029552992598,False,0.11971029552992599,537341.4845826782
21414,247898.0262888867,53270.0300830873,0.2148868665094144,0.05,0.03223302997641216,0.03223302997641216,False,0.08223302997641216,227512.62046197927
21415,248449.62285729256,315762.8664968275,1.2709331689273649,0.05,0.19063997533910473,0.1,True,0.15000000000000002,211182.17942869867
21416,704647.5647755718,276678.93349718,0.3926486762007067,0.05,0.058897301430106005,0.058897301430106005,False,0.10889730143010601,627913.3465122163
21417,796940.0879779338,326766.7029327559,0.41002668564691863,0.05,0.06150400284703779,0.06150400284703779,False,0.11150400284703779,708078.0781391237
21418,252040.2920862337,48685.59714320622,0.19316592890849693,0.05,0.02897488933627454,0.02897488933627454,False,0.07897488933627454,232135.4379104411
21419,637509.2705883092,195892.41296366276,0.3072777479500627,0.05,0.0460916621925094,0.0460916621925094,False,0.0960916621925094,576249.9451143442
21420,2293939.2796292272,1664645.2282839492,0.7256710075399242,0.05,0.10885065113098863,0.1,True,0.15000000000000002,1949848.387684843
21421,486438.7958034923,187531.17495444434,0.3855185412271305,0.05,0.05782778118406957,0.05782778118406957,False,0.10782778118406958,433987.17977015104
21422,316474.3757313374,110076.51188196149,0.3478212465940941,0.05,0.05217318698911411,0.05217318698911411,False,0.10217318698911412,284139.1801624763
21423,471223.38939269504,214947.37901279837,0.45614751697664885,0.05,0.06842212754649732,0.06842212754649732,False,0.11842212754649732,415420.11307114054
21424,1277431.8638507933,837869.7652810828,0.6559017267311157,0.05,0.09838525900966735,0.09838525900966735,False,0.14838525900966737,1087879.8058660913
21425,653997.4208992975,348191.02091252874,0.5324042722274637,0.05,0.07986064083411955,0.07986064083411955,False,0.12986064083411955,569068.8967174533
21426,330606.08332642243,237114.91457298584,0.7172127995565994,0.05,0.10758191993348991,0.1,True,0.15000000000000002,281015.1708274591
21427,408517.15587253077,149641.04527834768,0.36630296458110084,0.05,0.054945444687165126,0.054945444687165126,False,0.10494544468716513,365645.1412871521
21428,343773.87628515007,151859.67900146043,0.441742928934767,0.05,0.06626143934021506,0.06626143934021506,False,0.11626143934021506,303806.2306206735
21429,514654.71142854594,457601.5044927896,0.889142748198318,0.05,0.1333714122297477,0.1,True,0.15000000000000002,437456.504714264
21430,392098.9598134777,148733.0370772492,0.37932525285963986,0.05,0.056898787928945975,0.056898787928945975,False,0.10689878792894597,350184.0562612164
21431,272704.7693748649,98909.1363620864,0.3626967602686997,0.05,0.05440451404030495,0.05440451404030495,False,0.10440451404030496,244233.16045180868
21432,350954.4264195402,321856.53802050895,0.9170892679830547,0.05,0.1375633901974582,0.1,True,0.15000000000000002,298311.26245660917
21433,374163.0089810212,183273.29251627362,0.4898220511305805,0.05,0.07347330766958708,0.07347330766958708,False,0.12347330766958708,327963.8646545291
21434,330765.67803318304,193644.7610782293,0.585443937925151,0.05,0.08781659068877265,0.08781659068877265,False,0.13781659068877267,285180.67996978946
21435,410095.21099941846,116288.53600587562,0.2835647256705968,0.05,0.04253470885058952,0.04253470885058952,False,0.09253470885058952,372147.1700485662
21436,379628.81437590875,130900.28985388909,0.3448112600964781,0.05,0.05172168901447172,0.05172168901447172,False,0.10172168901447172,341012.33017902996
21437,393954.1207777565,217234.965415021,0.5514219904240345,0.05,0.08271329856360517,0.08271329856360517,False,0.13271329856360517,341671.16992661555
21438,375220.08219308686,118090.3240997633,0.3147228245608519,0.05,0.04720842368412778,0.04720842368412778,False,0.09720842368412778,338745.52946846804
21439,501247.9099427321,183095.33305338153,0.3652789955259869,0.05,0.05479184932889804,0.05479184932889804,False,0.10479184932889804,448721.2144875882
21440,1797340.7037387213,1116745.1360763663,0.6213319120595107,0.05,0.0931997868089266,0.0931997868089266,False,0.1431997868089266,1539961.8981403303
21441,447160.88389408845,296134.7307077326,0.6622554462475594,0.05,0.09933831693713391,0.09933831693713391,False,0.1493383169371339,380382.6300932242
21442,530411.1062083633,285144.0860284681,0.5375907153732447,0.05,0.0806386073059867,0.0806386073059867,False,0.1306386073059867,461118.93799367495
21443,501268.9461840066,272811.3112044452,0.5442413963228059,0.05,0.08163620944842089,0.08163620944842089,False,0.1316362094484209,435283.80219413945
21444,317360.0402522891,114396.64928681671,0.36046330595331333,0.05,0.054069495892997,0.054069495892997,False,0.104069495892997,284332.5408466521
21445,386042.3388497272,233614.95131775594,0.6051537041606571,0.05,0.09077305562409856,0.09077305562409856,False,0.14077305562409856,331697.97920957743
21446,506279.6749112311,230739.7925934695,0.4557555912824792,0.05,0.06836333869237188,0.06836333869237188,False,0.11836333869237188,446354.7222766491
21447,477855.80943464144,225385.9742484601,0.4716610529756198,0.05,0.07074915794634297,0.07074915794634297,False,0.12074915794634297,420155.12282564037
21448,237018.33817711924,213297.28444204835,0.8999189095767577,0.05,0.13498783643651366,0.1,True,0.15000000000000002,201465.58745055133
21449,463325.2701797985,104162.8151853166,0.22481574368886695,0.05,0.03372236155333004,0.03372236155333004,False,0.08372236155333004,424534.58439301106
21450,551710.760725849,323166.0084944905,0.5857525926616378,0.05,0.08786288889924566,0.08786288889924566,False,0.13786288889924567,475650.3214153829
21451,370836.5079569994,114661.03041416022,0.3091956373061733,0.05,0.04637934559592599,0.04637934559592599,False,0.096379345595926,335095.5279970254
21452,524562.647353384,299805.53213619906,0.5715342745977642,0.05,0.08573014118966463,0.08573014118966463,False,0.13573014118966464,453363.6851652849
21453,661682.0461376322,419087.2038814357,0.6333664428825443,0.05,0.09500496643238164,0.09500496643238164,False,0.14500496643238164,565734.8632485353
21454,275388.3382816062,79154.52262051104,0.2874287383206813,0.05,0.04311431074810219,0.04311431074810219,False,0.0931143107481022,249745.74297444924
21455,384112.8831216134,188332.26841474953,0.4903044825890985,0.05,0.07354567238836476,0.07354567238836476,False,0.12354567238836477,336657.3987033203
21456,182914.16528654445,74424.20906930693,0.4068805111551507,0.05,0.06103207667327261,0.06103207667327261,False,0.11103207667327261,162604.82566182117
21457,1665843.930289181,1099786.0590919866,0.660197536572991,0.05,0.09902963048594864,0.09902963048594864,False,0.14902963048594864,1417583.8249109238
21458,389675.98818670155,256571.35258279508,0.6584222799477873,0.05,0.0987633419921681,0.0987633419921681,False,0.14876334199216812,331706.4858899472
21459,638289.0902342508,205245.66399842838,0.3215559644347104,0.05,0.04823339466520656,0.04823339466520656,False,0.09823339466520656,575587.786122774
21460,569283.0403720423,317346.4272961554,0.5574492911096749,0.05,0.08361739366645123,0.08361739366645123,False,0.13361739366645123,493216.92425901693
21461,351488.21549214615,121532.07822560443,0.3457643040903601,0.05,0.05186464561355401,0.05186464561355401,False,0.10186464561355402,315683.99298369815
21462,558561.077530874,195387.3777905926,0.3498048568910402,0.05,0.05247072853365602,0.05247072853365602,False,0.10247072853365602,501324.91698574147
21463,316138.5768963961,142642.27720591702,0.4512017438879763,0.05,0.06768026158319644,0.06768026158319644,False,0.11768026158319644,278935.3064706888
21464,469132.1636719777,157487.79752128525,0.3357002774838572,0.05,0.05035504162257858,0.05035504162257858,False,0.10035504162257858,422052.385860186
21465,377895.54136761336,200108.8949816529,0.5295349457086841,0.05,0.07943024185630261,0.07943024185630261,False,0.1294302418563026,328984.4300519848
21466,715736.1008495078,109541.83140452497,0.15304779411644834,0.05,0.02295716911746725,0.02295716911746725,False,0.07295716911746725,663518.0210963537
21467,256455.75446132067,127906.30054554448,0.4987460734277875,0.05,0.07481191101416812,0.07481191101416812,False,0.12481191101416812,224447.02165642296
21468,224951.7408454648,88148.56786266074,0.3918554598926896,0.05,0.05877831898390344,0.05877831898390344,False,0.10877831898390344,200481.86862379246
21469,216584.53707481196,121524.7715947676,0.5610962501574658,0.05,0.08416443752361986,0.08416443752361986,False,0.13416443752361987,187526.5944818562
21470,353116.98189439124,113587.59336806077,0.32167128513244964,0.05,0.048250692769867445,0.048250692769867445,False,0.09825069276986745,318422.9937944626
21471,462168.0391932486,256976.87716206664,0.5560247688495301,0.05,0.08340371532742952,0.08340371532742952,False,0.1334037153274295,400513.1056592762
21472,459184.209282556,302608.43737938686,0.659013161302284,0.05,0.0988519741953426,0.0988519741953426,False,0.1488519741953426,390833.7332115202
21473,266374.19503842725,43932.84980139148,0.1649290757877418,0.05,0.02473936136816127,0.02473936136816127,False,0.07473936136816127,246465.55781629717
21474,466458.28825154284,194075.99317761342,0.41606291080191027,0.05,0.062409436620286536,0.062409436620286536,False,0.11240943662028655,414023.97486232367
21475,463755.4495139667,103794.52073849586,0.22381304812110878,0.05,0.03357195721816632,0.03357195721816632,False,0.08357195721816632,424998.4989274939
21476,790686.8973015193,282322.703398368,0.3570600503965446,0.05,0.05355900755948169,0.05355900755948169,False,0.10355900755948169,708804.1469266881
21477,417768.5657445075,60889.99953151005,0.14575055311544965,0.05,0.021862582967317447,0.021862582967317447,False,0.07186258296731746,387746.63752755563
21478,642463.1035082561,139041.66465322115,0.21641968837426687,0.05,0.03246295325614003,0.03246295325614003,False,0.08246295325614003,589483.6986348601
21479,350992.34377106174,322549.3117303506,0.9189639530733941,0.05,0.1378445929610091,0.1,True,0.15000000000000002,298343.49220540246
21480,272944.5051586218,154398.0643209028,0.5656756644768295,0.05,0.08485134967152443,0.08485134967152443,False,0.13485134967152443,236137.5702525553
21481,467318.22658728727,257277.0184134525,0.550539233815648,0.05,0.08258088507234719,0.08258088507234719,False,0.1325808850723472,405360.76249590504
21482,794403.691579713,390380.65632838954,0.4914134469240662,0.05,0.07371201703860993,0.07371201703860993,False,0.12371201703860993,696126.408551469
21483,705512.048563567,164839.70188780443,0.23364548092895154,0.05,0.03504682213934273,0.03504682213934273,False,0.08504682213934273,645510.4908522179
21484,322420.74676410056,201870.13059606982,0.6261077570909799,0.05,0.09391616356364697,0.09391616356364697,False,0.14391616356364698,276019.1898364851
21485,573741.229492713,116148.42937272927,0.20244044423201846,0.05,0.030366066634802766,0.030366066634802766,False,0.08036606663480277,527631.903612168
21486,377508.8357720453,161038.41546456242,0.4265818444625857,0.05,0.06398727666938785,0.06398727666938785,False,0.11398727666938785,334477.63166375866
21487,293875.2888098632,96445.74335908284,0.32818595857334254,0.05,0.04922789378600138,0.04922789378600138,False,0.09922789378600139,264714.66286550765
21488,293638.7740448455,82133.46281699042,0.2797091871948993,0.05,0.04195637807923489,0.04195637807923489,False,0.0919563780792349,266636.8159200546
21489,616049.5113456359,205873.18892793788,0.33418286215055903,0.05,0.05012742932258386,0.05012742932258386,False,0.10012742932258387,554366.0574391633
21490,423393.5890669653,103964.40681056422,0.2455502622032401,0.05,0.03683253933048602,0.03683253933048602,False,0.08683253933048601,386629.24859203235
21491,652673.5109428824,228738.24495694332,0.3504635029947783,0.05,0.052569525449216746,0.052569525449216746,False,0.10256952544921674,585729.0986521968
21492,651632.996267783,322339.4314948685,0.4946640721710873,0.05,0.07419961082566309,0.07419961082566309,False,0.1241996108256631,570700.4317301635
21493,574022.1380768595,288780.1835022221,0.503081962082019,0.05,0.07546229431230285,0.07546229431230285,False,0.12546229431230285,502004.00364768325
21494,353923.735786816,139883.60800433112,0.395236583082942,0.05,0.0592854874624413,0.0592854874624413,False,0.1092854874624413,315245.00779682555
21495,346061.5150882626,94049.09180428309,0.27176986663858294,0.05,0.04076547999578744,0.04076547999578744,False,0.09076547999578743,314651.07556320704
21496,582772.0946823587,207920.4165171266,0.3567782644610911,0.05,0.05351673966916367,0.05351673966916367,False,0.10351673966916367,522445.42747067177
21497,403887.9480275569,136706.69869684888,0.33847679626112914,0.05,0.05077151943916937,0.05077151943916937,False,0.10077151943916937,363187.5458216517
21498,782597.7209681387,278412.4842432026,0.3557542742378334,0.05,0.05336314113567501,0.05336314113567501,False,0.10336314113567502,701705.9622832513
21499,522112.52266181645,393313.9312532742,0.7533125795338032,0.05,0.11299688693007047,0.1,True,0.15000000000000002,443795.644262544
21500,815692.257842936,355546.25043327315,0.43588283082825907,0.05,0.06538242462423886,0.06538242462423886,False,0.11538242462423887,721575.7073857982
21501,397541.21929701685,199431.9459739391,0.5016635666776897,0.05,0.07524953500165346,0.07524953500165346,False,0.12524953500165348,347749.3664360751
21502,351095.4971001196,160946.13451291504,0.4584112751153259,0.05,0.06876169126729889,0.06876169126729889,False,0.1187616912672989,309398.8020681764
21503,415878.82153664436,180182.49444750987,0.43325720165731846,0.05,0.06498858024859777,0.06498858024859777,False,0.11498858024859777,368057.50629268563
21504,330552.14035517006,105435.4569252074,0.31896770298301386,0.05,0.047845155447452076,0.047845155447452076,False,0.09784515544745208,298209.21479863045
21505,2492065.327172503,1687618.3731301012,0.6771966828995101,0.05,0.10157950243492651,0.1,True,0.15000000000000002,2118255.5280966274
21506,258179.73698140934,220679.1750144735,0.854750173637228,0.05,0.1282125260455842,0.1,True,0.15000000000000002,219452.77643419793
21507,377278.14306707506,93569.05820272834,0.2480108109154179,0.05,0.037201621637312686,0.037201621637312686,False,0.08720162163731268,344378.877183312
21508,369139.755151825,170290.9627252012,0.4613184040693789,0.05,0.06919776061040683,0.06919776061040683,False,0.11919776061040684,325139.1229854536
21509,418662.2948668448,260838.6823441871,0.6230288362297987,0.05,0.0934543254344698,0.0934543254344698,False,0.1434543254344698,358603.3777718745
21510,357102.4188122961,134781.54882847006,0.3774310722306122,0.05,0.05661466083459182,0.05661466083459182,False,0.10661466083459183,319030.0655474108
21511,489435.21856854274,163065.41682087834,0.33317058240679487,0.05,0.04997558736101923,0.04997558736101923,False,0.09997558736101923,440503.64511698385
21512,302008.8160260533,230328.87579760002,0.7626561331167575,0.05,0.11439841996751363,0.1,True,0.15000000000000002,256707.49362214527
21513,321158.03213550796,267944.1508844905,0.834306242016813,0.05,0.12514593630252194,0.1,True,0.15000000000000002,272984.3273151818
21514,748385.4279075394,218010.03800692747,0.29130716590310457,0.05,0.04369607488546568,0.04369607488546568,False,0.09369607488546569,678264.6508111233
21515,399930.2608000942,181000.9077269443,0.452581175940117,0.05,0.06788717639101755,0.06788717639101755,False,0.11788717639101755,352783.61160104786
21516,1982859.935494177,1602325.4419368617,0.8080880617205689,0.05,0.12121320925808533,0.1,True,0.15000000000000002,1685430.9451700505
21517,348097.0158405009,228139.6353770537,0.655390954232104,0.05,0.0983086431348156,0.0983086431348156,False,0.14830864313481562,296471.2197419178
21518,470319.24079250067,257548.30919292755,0.5476031743012505,0.05,0.08214047614518757,0.08214047614518757,False,0.1321404761451876,408171.0323739365
21519,604149.7333974134,595740.6510896403,0.9860811288279729,0.05,0.14791216932419593,0.1,True,0.15000000000000002,513527.27338780137
21520,367284.7356880911,190558.6732320434,0.5188309088724868,0.05,0.07782463633087303,0.07782463633087303,False,0.12782463633087304,320336.69791888003
21521,331007.14457721467,232302.441804454,0.701804917537858,0.05,0.10527073763067869,0.1,True,0.15000000000000002,281356.07289063244
21522,1351148.4563142918,1039497.2675769897,0.7693434890290037,0.05,0.11540152335435055,0.1,True,0.15000000000000002,1148476.187867148
21523,318323.34543751576,51849.2431343061,0.16288231409180035,0.05,0.024432347113770052,0.024432347113770052,False,0.07443234711377006,294629.7916954941
21524,203940.33474989556,105025.9272909002,0.5149835976277076,0.05,0.07724753964415614,0.07724753964415614,False,0.12724753964415614,177989.42891876574
21525,500801.9080565932,289018.52284407534,0.5771114650214447,0.05,0.08656671975321671,0.08656671975321671,False,0.13656671975321671,432409.03422715224
21526,308723.89397704846,97164.49746968487,0.3147294374205723,0.05,0.047209415613085844,0.047209415613085844,False,0.09720941561308585,278713.0246577433
21527,450200.41769202024,200459.22440812527,0.4452666335491016,0.05,0.06678999503236524,0.06678999503236524,False,0.11678999503236524,397621.51314620045
21528,775370.0544790331,313386.28909627337,0.4041764152303198,0.05,0.06062646228454796,0.06062646228454796,False,0.11062646228454796,689593.6083906405
21529,421228.84330432833,214674.8424430489,0.5096394652346995,0.05,0.07644591978520492,0.07644591978520492,False,0.12644591978520492,367966.1747726546
21530,244550.94642100774,208113.99466779866,0.851004658593793,0.05,0.12765069878906896,0.1,True,0.15000000000000002,207868.30445785658
21531,573769.6555395764,269251.36648567737,0.4692673512552206,0.05,0.0703901026882831,0.0703901026882831,False,0.1203901026882831,504693.467789746
21532,274651.15178898117,218712.3721733682,0.7963278899387555,0.05,0.11944918349081332,0.1,True,0.15000000000000002,233453.479020634
21533,327802.1791106226,102602.21469063335,0.3130004046007529,0.05,0.046950060690112934,0.046950060690112934,False,0.09695006069011294,296021.7379514965
21534,617654.4017410666,255898.47641924804,0.41430689346325733,0.05,0.062146034019488594,0.062146034019488594,False,0.1121460340194886,548386.910191126
21535,322599.2012348947,52912.82595015841,0.1640203253684776,0.05,0.02460304880527164,0.02460304880527164,False,0.07460304880527165,298532.31728062616
21536,682921.7984722505,94875.39209242095,0.13892570467755552,0.05,0.020838855701633328,0.020838855701633328,False,0.07083885570163333,634544.3997347748
21537,370123.71856184024,57522.258121697465,0.15541359614889597,0.05,0.023312039422334393,0.023312039422334393,False,0.0733120394223344,342989.1939154936
21538,727750.8449518231,309174.06223957357,0.4248350440047112,0.05,0.06372525660070669,0.06372525660070669,False,0.11372525660070669,644987.1933682959
21539,165312.15748163994,189204.93886109244,1.1445313021343038,0.05,0.17167969532014557,0.1,True,0.15000000000000002,140515.33385939396
21540,408114.7531436807,113341.93529569951,0.2777207499180908,0.05,0.041658112487713624,0.041658112487713624,False,0.09165811248771363,370707.7251921417
21541,308902.38453260367,176030.69576322674,0.5698586497788827,0.05,0.0854787974668324,0.0854787974668324,False,0.1354787974668324,267052.6609414895
21542,446212.0265293328,175808.43912881415,0.39400201849390754,0.05,0.05910030277408613,0.05910030277408613,False,0.10910030277408614,397530.159333544
21543,360060.2501423372,260574.9726352073,0.7236982492018992,0.05,0.10855473738028487,0.1,True,0.15000000000000002,306051.21262098657
21544,516542.17896398326,217201.7293645324,0.42049175887275825,0.05,0.06307376383091373,0.06307376383091373,False,0.11307376383091373,458134.81061110424
21545,666204.7198959435,351219.4201951396,0.5271944339421636,0.05,0.07907916509132454,0.07907916509132454,False,0.12907916509132455,580211.5708718754
21546,337824.73993837816,307341.1618238391,0.9097651103939295,0.05,0.13646476655908943,0.1,True,0.15000000000000002,287151.0289476214
21547,286540.6204688166,195266.56514041696,0.6814620727104458,0.05,0.10221931090656687,0.1,True,0.15000000000000002,243559.5273984941
21548,472802.81023313117,282217.0713272159,0.5969022713466093,0.05,0.0895353407019914,0.0895353407019914,False,0.13953534070199142,406830.1090223922
21549,294190.1500579132,370691.89125509263,1.2600418171108705,0.05,0.18900627256663058,0.1,True,0.15000000000000002,250061.62754922622
21550,370009.2507244039,102714.07070852554,0.27759865599963246,0.05,0.04163979839994487,0.04163979839994487,False,0.09163979839994488,336101.67758190486
21551,293622.19943658967,74641.91950917078,0.2542107499105849,0.05,0.03813161248658773,0.03813161248658773,False,0.08813161248658774,267744.8015383846
21552,659239.6858810456,104390.35063369584,0.15834961527563773,0.05,0.023752442291345658,0.023752442291345658,False,0.07375244229134566,610619.1489919389
21553,320321.97647777165,163317.1168791592,0.5098529881557858,0.05,0.07647794822336787,0.07647794822336787,False,0.1264779482233679,279808.3101220092
21554,1062023.901757929,442870.3569730751,0.4170060167572576,0.05,0.06255090251358864,0.06255090251358864,False,0.11255090251358864,942492.1531240713
21555,495488.76341783395,144966.9899444249,0.2925737184118092,0.05,0.043886057761771374,0.043886057761771374,False,0.09388605776177138,448969.2767552785
21556,477023.75150597456,184358.24475915404,0.3864760280324218,0.05,0.05797140420486327,0.05797140420486327,False,0.10797140420486327,425518.82721680275
21557,328316.84011541336,89652.06941299478,0.2730657050106822,0.05,0.04095985575160233,0.04095985575160233,False,0.09095985575160234,298453.1876976935
21558,258375.39559449218,146765.2085821271,0.5680309003279401,0.05,0.08520463504919101,0.08520463504919101,False,0.135204635049191,223441.8445274485
21559,317373.29415222123,197783.55877069273,0.623189040839177,0.05,0.09347835612587656,0.09347835612587656,False,0.14347835612587656,271837.0956290063
21560,681425.8015567501,172112.1288597735,0.2525764778301248,0.05,0.037886471674518724,0.037886471674518724,False,0.08788647167451873,621537.6921499466
21561,420356.6214958643,169116.0770642216,0.4023157205479764,0.05,0.060347358082196455,0.060347358082196455,False,0.11034735808219645,373971.37886143784
21562,299345.96803675557,178340.56139295746,0.5957673743280875,0.05,0.08936510614921311,0.08936510614921311,False,0.1393651061492131,257627.58542597416
21563,741823.1476696343,295735.9111149756,0.3986609369686041,0.05,0.05979914054529061,0.05979914054529061,False,0.10979914054529061,660371.6036189062
21564,361435.2177934544,69978.40859058098,0.1936125898793039,0.05,0.029041888481895584,0.029041888481895584,False,0.07904188848189558,332866.69561519456
21565,1837450.854293771,1470719.7487656982,0.8004131078275686,0.05,0.12006196617413528,0.1,True,0.15000000000000002,1561833.2261497055
21566,612823.8419937057,228195.41411131283,0.37236706288861493,0.05,0.05585505943329224,0.05585505943329224,False,0.10585505943329224,547953.3377773236
21567,483850.2254797485,430273.1873373805,0.8892693744448601,0.05,0.133390406166729,0.1,True,0.15000000000000002,411272.6916577862
21568,236128.27856572915,124066.44830117008,0.5254196958312839,0.05,0.07881295437469259,0.07881295437469259,False,0.1288129543746926,205711.8973922672
21569,562027.7985669265,354095.41380158,0.6300318502117902,0.05,0.09450477753176853,0.09450477753176853,False,0.14450477753176855,480812.0965683432
21570,624140.4525323036,194887.84942961845,0.3122499889871049,0.05,0.04683749834806573,0.04683749834806573,False,0.09683749834806574,563700.2524912456
21571,445658.7865384654,162079.2880214278,0.36368471332145164,0.05,0.054552706998217744,0.054552706998217744,False,0.10455270699821775,399063.954008328
21572,246324.95461465282,167097.02539542376,0.6783601184736964,0.05,0.10175401777105446,0.1,True,0.15000000000000002,209376.2114224549
21573,710177.7075457842,169981.73588469764,0.23935098789867204,0.05,0.0359026481848008,0.0359026481848008,False,0.08590264818480081,649171.5617857903
21574,191625.0271009726,196857.9042334945,1.0273079002867644,0.05,0.15409618504301467,0.1,True,0.15000000000000002,162881.2730358267
21575,1663667.8276215463,853721.8542241962,0.5131564366696415,0.05,0.07697346550044622,0.07697346550044622,False,0.12697346550044622,1452426.1581068397
21576,340610.6066435118,85300.47851332754,0.25043400542897454,0.05,0.03756510081434618,0.03756510081434618,False,0.08756510081434618,310785.0045343371
21577,495721.7597569488,167305.1256863352,0.33749804682442125,0.05,0.05062470702366319,0.05062470702366319,False,0.10062470702366319,445839.90291615104
21578,1410295.1736271596,804622.7215774031,0.5705349749641287,0.05,0.08558024624461931,0.08558024624461931,False,0.1355802462446193,1219087.0067091912
21579,239240.23209340931,69247.00849570148,0.2894454995707602,0.05,0.04341682493561403,0.04341682493561403,False,0.09341682493561404,216891.16921438364
21580,247334.39126687596,169287.41431273587,0.6844475345528204,0.05,0.10266713018292305,0.1,True,0.15000000000000002,210234.23257684457
21581,208296.1492162103,126515.55446537962,0.6073830694491483,0.05,0.09110746041737225,0.09110746041737225,False,0.14110746041737227,178904.00858559282
21582,253477.8784244958,51381.18933273206,0.20270482636234122,0.05,0.03040572395435118,0.03040572395435118,False,0.08040572395435118,233096.80610336122
21583,208202.44588527415,143644.45645108365,0.6899268442323492,0.05,0.10348902663485238,0.1,True,0.15000000000000002,176972.07900248302
21584,400181.7133823436,166211.40175101516,0.41533982236767686,0.05,0.06230097335515153,0.06230097335515153,False,0.11230097335515153,355240.9174505741
21585,324856.53095548303,91913.76762246664,0.2829364930793468,0.05,0.04244047396190202,0.04244047396190202,False,0.09244047396190203,294826.6392643389
21586,296103.0551991303,118500.98340676195,0.40020182610770305,0.05,0.06003027391615545,0.06003027391615545,False,0.11003027391615545,263522.7549281595
21587,543446.3367200126,102002.25617304642,0.1876951766547627,0.05,0.028154276498214406,0.028154276498214406,False,0.07815427649821441,500973.68145805504
21588,343164.78529798635,150110.10453001293,0.43742863767232165,0.05,0.06561429565084824,0.06561429565084824,False,0.11561429565084824,303490.0303535851
21589,532020.466091144,201014.8785112428,0.377832980727485,0.05,0.05667494710912275,0.05667494710912275,False,0.10667494710912276,475267.2110099004
21590,516886.00276885414,86324.35250026756,0.16700849324192452,0.05,0.025051273986288678,0.025051273986288678,False,0.07505127398628868,478093.04975537135
21591,740732.0313259506,83205.1571806299,0.11232828291722197,0.05,0.016849242437583293,0.016849242437583293,False,0.06684924243758329,691214.6561825586
21592,303901.1152006121,145061.29600004986,0.4773305813777339,0.05,0.07159958720666008,0.07159958720666008,False,0.12159958720666009,266946.86504057405
21593,223231.66698464993,86886.61548831512,0.3892217294345148,0.05,0.05838325941517721,0.05838325941517721,False,0.10838325941517721,199037.09131217015
21594,486842.5709052443,186188.729256987,0.3824413483619235,0.05,0.057366202254288526,0.057366202254288526,False,0.10736620225428853,434572.1329714341
21595,419888.4005632185,178657.42547491408,0.4254878801969081,0.05,0.06382318202953621,0.06382318202953621,False,0.11382318202953622,372095.3667138205
21596,266112.59882290853,144098.63716725906,0.541494982968293,0.05,0.08122424744524395,0.08122424744524395,False,0.13122424744524397,231192.17330667426
21597,834997.8144789705,233051.06002520828,0.2791037964220656,0.05,0.04186556946330984,0.04186556946330984,False,0.09186556946330984,758290.2647512407
21598,422235.4592109215,63519.31935932278,0.15043577694310284,0.05,0.022565366541465424,0.022565366541465424,False,0.07256536654146542,391595.788346477
21599,723980.6390092702,198252.23952305014,0.2738363829650859,0.05,0.04107545744476288,0.04107545744476288,False,0.09107545744476289,658043.7711303493
21600,472269.213103586,65628.64551116055,0.1389644797717648,0.05,0.020844671965764717,0.020844671965764717,False,0.07084467196576472,438811.45562173263
21601,280316.8142479451,243733.17982603062,0.8694918300920914,0.05,0.1304237745138137,0.1,True,0.15000000000000002,238269.29211075333
21602,431292.6612640059,91600.99078808725,0.21238708425881564,0.05,0.03185806263882234,0.03185806263882234,False,0.08185806263882234,395987.8795825925
21603,1171593.2842685343,635213.0259579425,0.5421787872013347,0.05,0.0813268180802002,0.0813268180802002,False,0.1313268180802002,1017731.6661614162
21604,322636.24931524636,231504.19129196685,0.7175393086899086,0.05,0.10763089630348628,0.1,True,0.15000000000000002,274240.8119179594
21605,676715.1759146295,213625.7609923737,0.315680464389827,0.05,0.04735206965847405,0.04735206965847405,False,0.09735206965847405,610835.5529700419
21606,315749.63979148807,75651.32499393643,0.2395927515353442,0.05,0.03593891273030163,0.03593891273030163,False,0.08593891273030163,288614.4590528232
21607,615824.7514292636,307878.27419844817,0.49994462464182465,0.05,0.07499169369627369,0.07499169369627369,False,0.12499169369627369,538851.7727280332
21608,238957.35154054867,172455.2207826868,0.7216987452818454,0.05,0.1082548117922768,0.1,True,0.15000000000000002,203113.74880946637
21609,338864.49391643296,53148.512786041014,0.15684296744039497,0.05,0.023526445116059246,0.023526445116059246,False,0.07352644511605924,313948.9923027052
21610,501345.622496977,194509.97323847184,0.38797580852447694,0.05,0.05819637127867154,0.05819637127867154,False,0.10819637127867154,447101.84538635734
21611,392655.7149305608,200799.32902801858,0.5113877664139663,0.05,0.07670816496209494,0.07670816496209494,False,0.12670816496209494,342903.02982983
21612,983004.2266768827,305829.9749260945,0.31111766015490594,0.05,0.04666764902323589,0.04666764902323589,False,0.0966676490232359,887979.5191041244
